4250 274230562.916
5250 647913617.062
6250 911622424.639
7250 1143414521.258
8250 1316948420.264
9250 1441412890.729
10250 1535487828.918
11250 1608976179.251
12250 1668615898.177
13250 1718084780.44
14250 1759505480.812
15250 1793919752.162
16250 1822852041.934
17250 1846954398.354
18250 1867724351.494
19250 1885186183.1
20250 1900659481.089
21250 1913822768.72
22250 1925081936.866
23250 1934924126.023
24250 1943234868.065
25250 1950373397.877
26250 1956804024.994
27250 1962459400.331
28250 1967257974.753
29250 1971442531.077
30250 1975268395.978
31250 1978655672.048
32250 1981559583.058
33250 1984087882.836
34250 1986210721.46
35250 1988160304.66
36250 1989929025.438
37250 1991511719.868
38250 1992927673.154
39250 1994118780.599
40250 1995216072.098
41250 1996213354.172
42250 1997054359.566
43250 1997816761.354
44250 1998518174.439
45250 1999154257.214
46250 1999730984.327
47250 2000246210.05
48250 2000714844.921
49250 2001132635.632
50250 2001514964.52
51250 2001852828.964
52250 2002183533.481
53250 2002480771.703
54250 2002721066.43
55250 2002951291.483
56250 2003168668.768
57250 2003357452.839
58250 2003536731.843
59250 2003703255.375
60250 2003849463.801
61250 2003988015.219
62250 2004116413.897
63250 2004226476.092
64250 2004333135.271
65250 2004438936.498
66250 2004533198.408
67250 2004619076.776
68250 2004700973.275
69250 2004776516.519
70250 2004844064.041
71250 2004906062.726
72250 2004965101.479
73250 2005019662.107
74250 2005071688.119
75250 2005121064.936
76250 2005164581.201
77250 2005207591.803
78250 2005245500.668
79250 2005281700.963
80250 2005315983.137
81250 2005347762.915
82250 2005378625.784
83250 2005406602.795
84250 2005433500.615
85250 2005459870.528
86250 2005484065.339
87250 2005505101.509
88250 2005526633.837
89250 2005547369.142
90250 2005566339.656
91250 2005584813.96
92250 2005600970.053
93250 2005617398.514
94250 2005633871.028
95250 2005649714.988
96250 2005664610.409
97250 2005677545.513
98250 2005690476.261
99250 2005703452.757
100250 2005714845.693
101250 2005726086.495
102250 2005736638.279
103250 2005747816.574
104250 2005758002.854
105250 2005767636.243
106250 2005777291.672
107250 2005786750.663
108250 2005795740.299
109250 2005804292.007
110250 2005812262.13
111250 2005819976.769
112250 2005827533.63
113250 2005834846.836
114250 2005841643.181
115250 2005848583.378
116250 2005854934.457
117250 2005861929.739
118250 2005868642.294
119250 2005874843.132
120250 2005881599.946
121250 2005887735.193
122250 2005893247.063
123250 2005898997.569
124250 2005904484.236
125250 2005909671.581
126250 2005915268.235
127250 2005920836.987
128250 2005925957.452
129250 2005930799.993
130250 2005935329.624
131250 2005939703.611
132250 2005944241.249
133250 2005948895.925
134250 2005953274.194
135250 2005957450.104
136250 2005961603.55
137250 2005965486.087
138250 2005969281.615
139250 2005973293.403
140250 2005977195.206
141250 2005981127.34
142250 2005984954.28
143250 2005988829.731
144250 2005992561.169
145250 2005995762.441
146250 2005998768.93
147250 2006002012.563
148250 2006005278.472
149250 2006008369.316
150250 2006011430.978
151250 2006014454.451
152250 2006017683.508
153250 2006021005.838
154250 2006024209.438
155250 2006027265.341
156250 2006029909.004
157250 2006032670.168
158250 2006035409.715
159250 2006038125.708
160250 2006041123.587
161250 2006043858.172
162250 2006046758.835
163250 2006049611.545
164250 2006052330.291
165250 2006054843.688
166250 2006057279.184
167250 2006059635.395
168250 2006062024.484
169250 2006064347.899
170250 2006066803.274
171250 2006069298.269
172250 2006071736.067
173250 2006073968.184
174250 2006076317.664
175250 2006078450.652
176250 2006080676.259
177250 2006082744.443
178250 2006084817.901
179250 2006087118.175
180250 2006089468.946
181250 2006091616.547
182250 2006093641.785
183250 2006095636.646
184250 2006097604.734
185250 2006099487.585
186250 2006101309.034
187250 2006103102.208
188250 2006104983.855
189250 2006107055.988
190250 2006109070.036
191250 2006110911.551
192250 2006112821.018
193250 2006114775.167
194250 2006116791.162
195250 2006118707.678
196250 2006120472.679
197250 2006122311.327
198250 2006123935.947
199250 2006125661.513
200250 2006127397.155
201250 2006129110.375
202250 2006130873.474
203250 2006132649.759
204250 2006134370.464
205250 2006135969.067
206250 2006137601.331
207250 2006139237.022
208250 2006140888.61
209250 2006142519.637
210250 2006144129.924
211250 2006145770.825
212250 2006147389.867
213250 2006149075.561
214250 2006150682.14
215250 2006152254.299
216250 2006153823.783
217250 2006155465.107
218250 2006157101.16
219250 2006158598.701
220250 2006160088.129
221250 2006161592.594
222250 2006163065.101
223250 2006164483.059
224250 2006165927.339
225250 2006167356.216
226250 2006168829.978
227250 2006170308.712
228250 2006171864.093
229250 2006173433.385
230250 2006174929.819
231250 2006176404.402
232250 2006177809.822
233250 2006179302.038
234250 2006180716.099
235250 2006182183.126
236250 2006183588.055
237250 2006185009.937
238250 2006186458.618
239250 2006187978.377
240250 2006189478.616
241250 2006190963.248
242250 2006192457.886
243250 2006193948.627
244250 2006195316.437
245250 2006196637.768
246250 2006197949.522
247250 2006199290.117
248250 2006200595.348
249250 2006201893.679
250250 2006203167.457
251250 2006204458.399
252250 2006205756.516
253250 2006207077.759
254250 2006208431.332
255250 2006209693.884
256250 2006210982.376
257250 2006212355.397
258250 2006213668.914
259250 2006214939.771
260250 2006216193.817
261250 2006217471.188
262250 2006218763.699
263250 2006220081.976
264250 2006221368.423
265250 2006222655.753
266250 2006223963.795
267250 2006225208.503
268250 2006226472.492
269250 2006227753.452
270250 2006229015.488
271250 2006230320.274
272250 2006231645.924
273250 2006232892.936
274250 2006234186.819
275250 2006235477.101
276250 2006236776.351
277250 2006238040.988
278250 2006239221.453
279250 2006240430.54
280250 2006241640.252
281250 2006242866.041
282250 2006244048.334
283250 2006245246.755
284250 2006246472.567
285250 2006247647.74
286250 2006248799.671
287250 2006249956.648
288250 2006251105.114
289250 2006252249.999
290250 2006253391.437
291250 2006254578.768
292250 2006255758.845
293250 2006256921.653
294250 2006258131.126
295250 2006259300.898
296250 2006260471.049
297250 2006261652.181
298250 2006262866.277
299250 2006264061.743
300250 2006265248.088
301250 2006266424.188
302250 2006267612.416
303250 2006268779.092
304250 2006269911.793
305250 2006271096.023
306250 2006272276.821
307250 2006273476.939
308250 2006274639.932
309250 2006275812.107
310250 2006276951.291
311250 2006278082.364
312250 2006279265.001
313250 2006280452.419
314250 2006281594.532
315250 2006282763.22
316250 2006283913.259
317250 2006285094.005
318250 2006286266.644
319250 2006287461.416
320250 2006288647.949
321250 2006289803.461
322250 2006290960.838
323250 2006292069.087
324250 2006293178.505
325250 2006294268.023
326250 2006295389.089
327250 2006296472.048
328250 2006297544.207
329250 2006298654.726
330250 2006299762.733
331250 2006300862.292
332250 2006301949.738
333250 2006303041.778
334250 2006304113.358
335250 2006305187.408
336250 2006306282.94
337250 2006307383.577
338250 2006308457.872
339250 2006309527.192
340250 2006310644.01
341250 2006311745.283
342250 2006312837.855
343250 2006313918.276
344250 2006314996.874
345250 2006316068.842
346250 2006317175.544
347250 2006318268.308
348250 2006319372.661
349250 2006320445.585
350250 2006321543.085
351250 2006322650.084
352250 2006323731.293
353250 2006324830.61
354250 2006325913.215
355250 2006326969.385
356250 2006328048.603
357250 2006329144.007
358250 2006330228.073
359250 2006331334.719
360250 2006332439.834
361250 2006333556.01
362250 2006334651.618
363250 2006335735.95
364250 2006336822.698
365250 2006337906.938
366250 2006338994.744
367250 2006340091.885
368250 2006341192.337
369250 2006342280.785
370250 2006343379.315
371250 2006344455.023
372250 2006345519.127
373250 2006346606.567
374250 2006347711.518
375250 2006348826.433
376250 2006349920.334
377250 2006351018.455
378250 2006352098.303
379250 2006353180.717
380250 2006354251.23
381250 2006355340.674
382250 2006356434.907
383250 2006357512.379
384250 2006358605.142
385250 2006359696.439
386250 2006360765.801
387250 2006361800.959
388250 2006362828.72
389250 2006363873.053
390250 2006364907.669
391250 2006365956.988
392250 2006366997.898
393250 2006368051.301
394250 2006369092.524
395250 2006370143.756
396250 2006371194.803
397250 2006372259.389
398250 2006373314.76
399250 2006374350.503
400250 2006375405.102
401250 2006376446.745
402250 2006377498.881
403250 2006378551.625
404250 2006379594.692
405250 2006380626.529
406250 2006381666.643
407250 2006382692.907
408250 2006383737.899
409250 2006384780.074
410250 2006385822.721
411250 2006386866.481
412250 2006387912.489
413250 2006388948.099
414250 2006389977.301
415250 2006391017.343
416250 2006392065.038
417250 2006393112.49
418250 2006394169.877
419250 2006395224.86
420250 2006396283.59
421250 2006397348.312
422250 2006398401.243
423250 2006399447.231
424250 2006400494.529
425250 2006401531.605
426250 2006402566.443
427250 2006403602.539
428250 2006404641.696
429250 2006405674.492
430250 2006406712.984
431250 2006407753.084
432250 2006408802.284
433250 2006409852.753
434250 2006410896.722
435250 2006411943.194
436250 2006412973.555
437250 2006414028.188
438250 2006415072.671
439250 2006416101.201
440250 2006417132.67
441250 2006418176.495
442250 2006419228.408
443250 2006420281.728
444250 2006421322.39
445250 2006422365.77
446250 2006423418.263
447250 2006424450.764
448250 2006425505.35
449250 2006426553.697
450250 2006427617.66
451250 2006428670.542
452250 2006429718.415
453250 2006430776.057
454250 2006431821.851
455250 2006432861.999
456250 2006433895.829
457250 2006434943.702
458250 2006435999.123
459250 2006437040.7
460250 2006438069.569
461250 2006439106.593
462250 2006440144.312
463250 2006441178.389
464250 2006442215.867
465250 2006443257.175
466250 2006444294.713
467250 2006445326.651
468250 2006446363.297
469250 2006447402.061
470250 2006448440.304
471250 2006449484.997
472250 2006450531.194
473250 2006451574.223
474250 2006452616.054
475250 2006453652.6
476250 2006454680.791
477250 2006455717.451
478250 2006456757.785
479250 2006457792.496
480250 2006458840.66
481250 2006459885.181
482250 2006460912.129
483250 2006461946.346
484250 2006462987.256
485250 2006464000.948
486250 2006465013.402
487250 2006466032.583
488250 2006467048.864
489250 2006468065.331
490250 2006469085.859
491250 2006470102.517
492250 2006471114.148
493250 2006472131.926
494250 2006473147.293
495250 2006474158.172
496250 2006475168.631
497250 2006476194.874
498250 2006477214.363
499250 2006478225.705
500250 2006479236.776
501250 2006480258.281
502250 2006481273.777
503250 2006482285.307
504250 2006483302.977
505250 2006484324.731
506250 2006485331.686
507250 2006486340.692
508250 2006487353.431
509250 2006488371.459
510250 2006489385.655
511250 2006490406.329
512250 2006491419.45
513250 2006492430.174
514250 2006493442.996
515250 2006494463.259
516250 2006495477.712
517250 2006496490.907
518250 2006497507.958
519250 2006498517.832
520250 2006499536.258
521250 2006500550.994
522250 2006501571.1
523250 2006502585.454
524250 2006503602.273
525250 2006504615.935
526250 2006505638.358
527250 2006506660.553
528250 2006507670.469
529250 2006508681.417
530250 2006509693.386
531250 2006510704.484
532250 2006511721.193
533250 2006512739.03
534250 2006513753.469
535250 2006514766.355
536250 2006515776.535
537250 2006516789.082
538250 2006517802.556
539250 2006518811.978
540250 2006519820.057
541250 2006520832.244
542250 2006521850.839
543250 2006522873.384
544250 2006523889.168
545250 2006524901.58
546250 2006525915.708
547250 2006526926.528
548250 2006527942.28
549250 2006528957.906
550250 2006529963.737
551250 2006530977.404
552250 2006531991.081
553250 2006533004.204
554250 2006534016.806
555250 2006535027.598
556250 2006536036.916
557250 2006537058.73
558250 2006538077.186
559250 2006539100.848
560250 2006540111.948
561250 2006541123.611
562250 2006542132.614
563250 2006543146.665
564250 2006544165.168
565250 2006545175.337
566250 2006546190.228
567250 2006547200.58
568250 2006548212.355
569250 2006549224.58
570250 2006550236.964
571250 2006551258.137
572250 2006552266.889
573250 2006553276.437
574250 2006554285.727
575250 2006555303.956
576250 2006556315.009
577250 2006557327.267
578250 2006558343.567
579250 2006559356.659
580250 2006560376.271
581250 2006561390.374
582250 2006562402.982
583250 2006563420.817
584250 2006564429.006
585250 2006565448.104
586250 2006566459.528
587250 2006567475.261
588250 2006568488.464
589250 2006569502.782
590250 2006570511.236
591250 2006571525.512
592250 2006572535.416
593250 2006573549.627
594250 2006574560.778
595250 2006575568.86
596250 2006576583.021
597250 2006577599.888
598250 2006578614.017
599250 2006579629.48
600250 2006580641.402
601250 2006581655.29
602250 2006582671.309
603250 2006583685.298
604250 2006584696.484
605250 2006585710.947
606250 2006586726.669
607250 2006587744.801
608250 2006588762.748
609250 2006589770.536
610250 2006590776.512
611250 2006591792.213
612250 2006592805.576
613250 2006593821.714
614250 2006594837.916
615250 2006595853.391
616250 2006596869.184
617250 2006597884.875
618250 2006598901.754
619250 2006599911.946
620250 2006600919.223
621250 2006601924.992
622250 2006602939.795
623250 2006603953.729
624250 2006604962.606
625250 2006605970.521
626250 2006606983.457
627250 2006607997.271
628250 2006609004.971
629250 2006610013.408
630250 2006611027.155
631250 2006612046.198
632250 2006613056.358
633250 2006614064.024
634250 2006615076.231
635250 2006616096.32
636250 2006617109.888
637250 2006618122.853
638250 2006619140.877
639250 2006620152.813
640250 2006621168.117
641250 2006622178.206
642250 2006623187.149
643250 2006624197.836
644250 2006625211.208
645250 2006626220.683
646250 2006627231.626
647250 2006628241.514
648250 2006629253.501
649250 2006630265.144
650250 2006631278.091
651250 2006632287.101
652250 2006633297.019
653250 2006634305.172
654250 2006635306.698
655250 2006636308.841
656250 2006637312.004
657250 2006638315.664
658250 2006639318.886
659250 2006640323.328
660250 2006641326.5
661250 2006642327.246
662250 2006643330.692
663250 2006644334.144
664250 2006645338.882
665250 2006646341.733
666250 2006647346.836
667250 2006648351.593
668250 2006649352.5
669250 2006650354.421
670250 2006651356.978
671250 2006652358.747
672250 2006653362.563
673250 2006654366.772
674250 2006655370.987
675250 2006656372.684
676250 2006657373.74
677250 2006658377.328
678250 2006659380.891
679250 2006660385.916
680250 2006661389.733
681250 2006662392.376
682250 2006663395.762
683250 2006664399.273
684250 2006665401.902
685250 2006666406.812
686250 2006667409.939
687250 2006668413.245
688250 2006669416.924
689250 2006670418.021
690250 2006671420.538
691250 2006672427.874
692250 2006673430.209
693250 2006674431.367
694250 2006675432.747
695250 2006676438.419
696250 2006677441.745
697250 2006678444.772
698250 2006679448.829
699250 2006680450.993
700250 2006681452.412
701250 2006682453.388
702250 2006683455.217
703250 2006684458.796
704250 2006685463.173
705250 2006686464.5
706250 2006687466.308
707250 2006688468.747
708250 2006689471.588
709250 2006690474.927
710250 2006691479.56
711250 2006692480.992
712250 2006693482.192
713250 2006694484.317
714250 2006695486.963
715250 2006696490.117
716250 2006697492.303
717250 2006698495.707
718250 2006699498.348
719250 2006700501.036
720250 2006701503.516
721250 2006702507.793
722250 2006703509.677
723250 2006704514.726
724250 2006705517.058
725250 2006706519.769
726250 2006707523.087
727250 2006708527.124
728250 2006709529.392
729250 2006710533.006
730250 2006711534.938
731250 2006712538.913
732250 2006713541.643
733250 2006714544.861
734250 2006715549.445
735250 2006716553.678
736250 2006717558.443
737250 2006718563.613
738250 2006719566.115
739250 2006720569.191
740250 2006721573.68
741250 2006722577.392
742250 2006723583.296
743250 2006724586.671
744250 2006725590.649
745250 2006726593.331
746250 2006727594.834
747250 2006728598.943
748250 2006729602.634
749250 2006730606.259
750250 2006731610.662
751250 2006732612.357
752250 2006733615.87
753250 2006734618.862
754250 2006735622.105
755250 2006736624.806
756250 2006737627.779
757250 2006738631.673
758250 2006739637.185
759250 2006740643.104
760250 2006741645.209
761250 2006742649.678
762250 2006743654.195
763250 2006744659.524
764250 2006745662.647
765250 2006746666.254
766250 2006747669.509
767250 2006748671.169
768250 2006749672.305
769250 2006750674.5
770250 2006751675.649
771250 2006752678.219
772250 2006753683.777
773250 2006754686.464
774250 2006755692.209
775250 2006756696.641
776250 2006757698.192
777250 2006758698.878
778250 2006759700.15
779250 2006760702.714
780250 2006761704.001
781250 2006762706.179
782250 2006763710.12
783250 2006764713.68
784250 2006765716.738
785250 2006766718.583
786250 2006767720.43
787250 2006768725.44
788250 2006769728.493
789250 2006770731.823
790250 2006771733.676
791250 2006772736.091
792250 2006773738.98
793250 2006774741.41
794250 2006775743.5
795250 2006776745.858
796250 2006777749.793
797250 2006778752.193
798250 2006779756.53
799250 2006780759.331
800250 2006781762.172
801250 2006782765.213
802250 2006783769.584
803250 2006784771.385
804250 2006785773.363
805250 2006786777.976
806250 2006787782.954
807250 2006788786.026
808250 2006789790.639
809250 2006790792.411
810250 2006791795.322
811250 2006792798.357
812250 2006793799.278
813250 2006794801.597
814250 2006795806.487
815250 2006796811.777
816250 2006797814.218
817250 2006798816.793
818250 2006799818.453
819250 2006800823.93
820250 2006801827.5
821250 2006802828.969
822250 2006803832.034
823250 2006804836.488
824250 2006805837.5
825250 2006806839.418
826250 2006807842.321
827250 2006808844.388
828250 2006809846.197
829250 2006810849.133
830250 2006811850.637
831250 2006812854.483
832250 2006813858.776
833250 2006814864.94
834250 2006815866.35
835250 2006816868.126
836250 2006817870.102
837250 2006818872.193
838250 2006819873.254
839250 2006820875.621
840250 2006821879.772
841250 2006822882.811
842250 2006823884.39
843250 2006824887.306
844250 2006825891.304
845250 2006826895.06
846250 2006827897.025
847250 2006828898.306
848250 2006829900.993
849250 2006830905.277
850250 2006831906.522
851250 2006832908.071
852250 2006833912.121
853250 2006834914.369
854250 2006835918.444
855250 2006836921.823
856250 2006837924.847
857250 2006838928.012
858250 2006839930.923
859250 2006840932.878
860250 2006841936.776
861250 2006842937.5
862250 2006843938.329
863250 2006844942.845
864250 2006845947.241
865250 2006846949.599
866250 2006847952.14
867250 2006848952.835
868250 2006849957.466
869250 2006850959.293
870250 2006851960.5
871250 2006852962.682
872250 2006853965.06
873250 2006854966.218
874250 2006855968.124
875250 2006856971.38
876250 2006857973.16
877250 2006858974.893
878250 2006859978.153
879250 2006860981.837
880250 2006861985.704
881250 2006862988.145
882250 2006863990.803
883250 2006864991.746
884250 2006865993.074
885250 2006866995.372
886250 2006867996.803
887250 2006868997.878
888250 2006869999.922
889250 2006871000.517
890250 2006872001.5
891250 2006873002.552
892250 2006874007.076
893250 2006875010.674
894250 2006876014.952
895250 2006877016.05
896250 2006878020.357
897250 2006879025.395
898250 2006880028.04
899250 2006881032.328
900250 2006882037.437
901250 2006883039.326
902250 2006884042.677
903250 2006885045.692
904250 2006886049.494
905250 2006887050.5
906250 2006888051.726
907250 2006889054.642
908250 2006890056.637
909250 2006891059.306
910250 2006892059.5
911250 2006893062.156
912250 2006894067.713
913250 2006895073.488
914250 2006896076.546
915250 2006897078.5
916250 2006898080.675
917250 2006899083.5
918250 2006900085.415
919250 2006901091.312
920250 2006902094.97
921250 2006903099.181
922250 2006904101.685
923250 2006905103.482
924250 2006906107.929
925250 2006907110.813
926250 2006908114.016
927250 2006909117.119
928250 2006910119.109
929250 2006911121.203
930250 2006912122.337
931250 2006913125.175
932250 2006914127.254
933250 2006915128.524
934250 2006916130.516
935250 2006917132.475
936250 2006918133.27
937250 2006919138.375
938250 2006920146.598
939250 2006921147.5
940250 2006922148.931
941250 2006923150.5
942250 2006924152.101
943250 2006925155.312
944250 2006926156.417
945250 2006927156.757
946250 2006928159.181
947250 2006929162.556
948250 2006930167.028
949250 2006931171.647
950250 2006932176.275
951250 2006933177.453
952250 2006934178.235
953250 2006935179.015
954250 2006936183.831
955250 2006937185.894
956250 2006938188.563
957250 2006939190.5
958250 2006940192.479
959250 2006941195.162
960250 2006942195.563
961250 2006943198.962
962250 2006944203.355
963250 2006945206.984
964250 2006946209.512
965250 2006947211.08
966250 2006948213.686
967250 2006949214.997
968250 2006950218.954
969250 2006951221.403
970250 2006952224.693
971250 2006953228.815
972250 2006954230.988
973250 2006955235.642
974250 2006956238.094
975250 2006957241.255
976250 2006958242.5
977250 2006959243.07
978250 2006960244.444
979250 2006961246.51
980250 2006962248.063
981250 2006963251.354
982250 2006964254.066
983250 2006965256.655
984250 2006966259.28
985250 2006967261.5
986250 2006968262.73
987250 2006969265.419
988250 2006970269.092
989250 2006971271.075
990250 2006972272.622
991250 2006973275.272
992250 2006974281.681
993250 2006975284.023
994250 2006976286.926
995250 2006977289.777
996250 2006978291.5
997250 2006979291.5
998250 2006980291.767
999250 2006981293.875
1000250 2006982296.708
1001250 2006983300.255
1002250 2006984302.623
1003250 2006985305.036
1004250 2006986308.404
1005250 2006987309.986
1006250 2006988311.551
1007250 2006989315.1
1008250 2006990319.453
1009250 2006991322.905
1010250 2006992325.399
1011250 2006993326.617
1012250 2006994328.76
1013250 2006995333.162
1014250 2006996337.053
1015250 2006997337.5
1016250 2006998338.517
1017250 2006999341.105
1018250 2007000343.5
1019250 2007001343.928
1020250 2007002345.937
1021250 2007003347.052
1022250 2007004349.463
1023250 2007005350.5
1024250 2007006350.5
1025250 2007007350.5
1026250 2007008350.5
1027250 2007009350.5
1028250 2007010350.5
1029250 2007011350.5
1030250 2007012350.5
1031250 2007013350.5
1032250 2007014350.5
1033250 2007015350.5
1034250 2007016350.5
1035250 2007017350.5
1036250 2007018350.5
1037250 2007019350.5
1038250 2007020350.5
1039250 2007021350.5
1040250 2007022350.5
1041250 2007023350.5
1042250 2007024350.5
1043250 2007025350.5
1044250 2007026350.5
1045250 2007027350.5
1046250 2007028350.5
1047250 2007029350.5
1048250 2007030350.5
1049250 2007031350.5
1050250 2007032350.5
1051250 2007033350.5
1052250 2007034350.5
1053250 2007035350.5
1054250 2007036350.5
1055250 2007037350.5
1056250 2007038350.5
1057250 2007039350.5
1058250 2007040350.5
1059250 2007041350.5
1060250 2007042350.5
1061250 2007043350.5
1062250 2007044350.5
1063250 2007045350.5
1064250 2007046350.5
1065250 2007047350.5
1066250 2007048350.5
1067250 2007049350.5
1068250 2007050350.5
1069250 2007051350.5
1070250 2007052350.5
1071250 2007053350.5
1072250 2007054350.5
1073250 2007055350.5
1074250 2007056350.5
1075250 2007057350.5
1076250 2007058350.5
1077250 2007059350.5
1078250 2007060350.5
1079250 2007061350.5
1080250 2007062350.5
1081250 2007063350.5
1082250 2007064350.5
1083250 2007065350.5
1084250 2007066350.5
1085250 2007067350.5
1086250 2007068350.5
1087250 2007069350.5
1088250 2007070350.5
1089250 2007071350.5
1090250 2007072350.5
1091250 2007073350.5
1092250 2007074350.5
1093250 2007075350.5
1094250 2007076350.5
1095250 2007077350.5
1096250 2007078350.5
1097250 2007079350.5
1098250 2007080350.5
1099250 2007081350.5
1100250 2007082350.5
1101250 2007083350.5
1102250 2007084350.5
1103250 2007085350.5
1104250 2007086350.5
1105250 2007087350.5
1106250 2007088350.5
1107250 2007089350.5
1108250 2007090350.5
1109250 2007091350.5
1110250 2007092350.5
1111250 2007093350.5
1112250 2007094350.5
1113250 2007095350.5
1114250 2007096350.5
1115250 2007097350.5
1116250 2007098350.5
1117250 2007099350.5
1118250 2007100350.5
1119250 2007101350.5
1120250 2007102350.5
1121250 2007103350.5
1122250 2007104350.5
1123250 2007105350.5
1124250 2007106350.5
1125250 2007107350.5
1126250 2007108350.5
1127250 2007109350.5
1128250 2007110350.5
1129250 2007111350.5
1130250 2007112350.5
1131250 2007113350.5
1132250 2007114350.5
1133250 2007115350.5
1134250 2007116350.5
1135250 2007117350.5
1136250 2007118350.5
1137250 2007119350.5
1138250 2007120350.5
1139250 2007121350.5
1140250 2007122350.5
1141250 2007123350.5
1142250 2007124350.5
1143250 2007125350.5
1144250 2007126350.5
1145250 2007127350.5
1146250 2007128350.5
1147250 2007129350.5
1148250 2007130350.5
1149250 2007131350.5
1150250 2007132350.5
1151250 2007133350.5
1152250 2007134350.5
1153250 2007135350.5
1154250 2007136350.5
1155250 2007137350.5
1156250 2007138350.5
1157250 2007139350.5
1158250 2007140350.5
1159250 2007141350.5
1160250 2007142350.5
1161250 2007143350.5
1162250 2007144350.5
1163250 2007145350.5
1164250 2007146350.5
1165250 2007147350.5
1166250 2007148350.5
1167250 2007149350.5
1168250 2007150350.5
1169250 2007151350.5
1170250 2007152350.5
1171250 2007153350.5
1172250 2007154350.5
1173250 2007155350.5
1174250 2007156350.5
1175250 2007157350.5
1176250 2007158350.5
1177250 2007159350.5
1178250 2007160350.5
1179250 2007161350.5
1180250 2007162350.5
1181250 2007163350.5
1182250 2007164350.5
1183250 2007165350.5
1184250 2007166350.5
1185250 2007167350.5
1186250 2007168350.5
1187250 2007169350.5
1188250 2007170350.5
1189250 2007171350.5
1190250 2007172350.5
1191250 2007173350.5
1192250 2007174350.5
1193250 2007175350.5
1194250 2007176350.5
1195250 2007177350.5
1196250 2007178350.5
1197250 2007179350.5
1198250 2007180350.5
1199250 2007181350.5
1200250 2007182350.5
1201250 2007183350.5
1202250 2007184350.5
1203250 2007185350.5
1204250 2007186350.5
1205250 2007187350.5
1206250 2007188350.5
1207250 2007189350.5
1208250 2007190350.5
1209250 2007191350.5
1210250 2007192350.5
1211250 2007193350.5
1212250 2007194350.5
1213250 2007195350.5
1214250 2007196350.5
1215250 2007197350.5
1216250 2007198350.5
1217250 2007199350.5
1218250 2007200350.5
1219250 2007201350.5
1220250 2007202350.5
1221250 2007203350.5
1222250 2007204350.5
1223250 2007205350.5
1224250 2007206350.5
1225250 2007207350.5
1226250 2007208350.5
1227250 2007209350.5
1228250 2007210350.5
1229250 2007211350.5
1230250 2007212350.5
1231250 2007213350.5
1232250 2007214350.5
1233250 2007215350.5
1234250 2007216350.5
1235250 2007217350.5
1236250 2007218350.5
1237250 2007219350.5
1238250 2007220350.5
1239250 2007221350.5
1240250 2007222350.5
1241250 2007223350.5
1242250 2007224350.5
1243250 2007225350.5
1244250 2007226350.5
1245250 2007227350.5
1246250 2007228350.5
1247250 2007229350.5
1248250 2007230350.5
1249250 2007231350.5
1250250 2007232350.5
1251250 2007233350.5
1252250 2007234350.5
1253250 2007235350.5
1254250 2007236350.5
1255250 2007237350.5
1256250 2007238350.5
1257250 2007239350.5
1258250 2007240350.5
1259250 2007241350.5
1260250 2007242350.5
1261250 2007243350.5
1262250 2007244350.5
1263250 2007245350.5
1264250 2007246350.5
1265250 2007247350.5
1266250 2007248350.5
1267250 2007249350.5
1268250 2007250350.5
1269250 2007251350.5
1270250 2007252350.5
1271250 2007253350.5
1272250 2007254350.5
1273250 2007255350.5
1274250 2007256350.5
1275250 2007257350.5
1276250 2007258350.5
1277250 2007259350.5
1278250 2007260350.5
1279250 2007261350.5
1280250 2007262350.5
1281250 2007263350.5
1282250 2007264350.5
1283250 2007265350.5
1284250 2007266350.5
1285250 2007267350.5
1286250 2007268350.5
1287250 2007269350.5
1288250 2007270350.5
1289250 2007271350.5
1290250 2007272350.5
1291250 2007273350.5
1292250 2007274350.5
1293250 2007275350.5
1294250 2007276350.5
1295250 2007277350.5
1296250 2007278350.5
1297250 2007279350.5
1298250 2007280350.5
1299250 2007281350.5
1300250 2007282350.5
1301250 2007283350.5
1302250 2007284350.5
1303250 2007285350.5
1304250 2007286350.5
1305250 2007287350.5
1306250 2007288350.5
1307250 2007289350.5
1308250 2007290350.5
1309250 2007291350.5
1310250 2007292350.5
1311250 2007293350.5
1312250 2007294350.5
1313250 2007295350.5
1314250 2007296350.5
1315250 2007297350.5
1316250 2007298350.5
1317250 2007299350.5
1318250 2007300350.5
1319250 2007301350.5
1320250 2007302350.5
1321250 2007303350.5
1322250 2007304350.5
1323250 2007305350.5
1324250 2007306350.5
1325250 2007307350.5
1326250 2007308350.5
1327250 2007309350.5
1328250 2007310350.5
1329250 2007311350.5
1330250 2007312350.5
1331250 2007313350.5
1332250 2007314350.5
1333250 2007315350.5
1334250 2007316350.5
1335250 2007317350.5
1336250 2007318350.5
1337250 2007319350.5
1338250 2007320350.5
1339250 2007321350.5
1340250 2007322350.5
1341250 2007323350.5
1342250 2007324350.5
1343250 2007325350.5
1344250 2007326350.5
1345250 2007327350.5
1346250 2007328350.5
1347250 2007329350.5
1348250 2007330350.5
1349250 2007331350.5
1350250 2007332350.5
1351250 2007333350.5
1352250 2007334350.5
1353250 2007335350.5
1354250 2007336350.5
1355250 2007337350.5
1356250 2007338350.5
1357250 2007339350.5
1358250 2007340350.5
1359250 2007341350.5
1360250 2007342350.5
1361250 2007343350.5
1362250 2007344350.5
1363250 2007345350.5
1364250 2007346350.5
1365250 2007347350.5
1366250 2007348350.5
1367250 2007349350.5
1368250 2007350350.5
1369250 2007351350.5
1370250 2007352350.5
1371250 2007353350.5
1372250 2007354350.5
1373250 2007355350.5
1374250 2007356350.5
1375250 2007357350.5
1376250 2007358350.5
1377250 2007359350.5
1378250 2007360350.5
1379250 2007361350.5
1380250 2007362350.5
1381250 2007363350.5
1382250 2007364350.5
1383250 2007365350.5
1384250 2007366350.5
1385250 2007367350.5
1386250 2007368350.5
1387250 2007369350.5
1388250 2007370350.5
1389250 2007371350.5
1390250 2007372350.5
1391250 2007373350.5
1392250 2007374350.5
1393250 2007375350.5
1394250 2007376350.5
1395250 2007377350.5
1396250 2007378350.5
1397250 2007379350.5
1398250 2007380350.5
1399250 2007381350.5
1400250 2007382350.5
1401250 2007383350.5
1402250 2007384350.5
1403250 2007385350.5
1404250 2007386350.5
1405250 2007387350.5
1406250 2007388350.5
1407250 2007389350.5
1408250 2007390350.5
1409250 2007391350.5
1410250 2007392350.5
1411250 2007393350.5
1412250 2007394350.5
1413250 2007395350.5
1414250 2007396350.5
1415250 2007397350.5
1416250 2007398350.5
1417250 2007399350.5
1418250 2007400350.5
1419250 2007401350.5
1420250 2007402350.5
1421250 2007403350.5
1422250 2007404350.5
1423250 2007405350.5
1424250 2007406350.5
1425250 2007407350.5
1426250 2007408350.5
1427250 2007409350.5
1428250 2007410350.5
1429250 2007411350.5
1430250 2007412350.5
1431250 2007413350.5
1432250 2007414350.5
1433250 2007415350.5
1434250 2007416350.5
1435250 2007417350.5
1436250 2007418350.5
1437250 2007419350.5
1438250 2007420350.5
1439250 2007421350.5
1440250 2007422350.5
1441250 2007423350.5
1442250 2007424350.5
1443250 2007425350.5
1444250 2007426350.5
1445250 2007427350.5
1446250 2007428350.5
1447250 2007429350.5
1448250 2007430350.5
1449250 2007431350.5
1450250 2007432350.5
1451250 2007433350.5
1452250 2007434350.5
1453250 2007435350.5
1454250 2007436350.5
1455250 2007437350.5
1456250 2007438350.5
1457250 2007439350.5
1458250 2007440350.5
1459250 2007441350.5
1460250 2007442350.5
1461250 2007443350.5
1462250 2007444350.5
1463250 2007445350.5
1464250 2007446350.5
1465250 2007447350.5
1466250 2007448350.5
1467250 2007449350.5
1468250 2007450350.5
1469250 2007451350.5
1470250 2007452350.5
1471250 2007453350.5
1472250 2007454350.5
1473250 2007455350.5
1474250 2007456350.5
1475250 2007457350.5
1476250 2007458350.5
1477250 2007459350.5
1478250 2007460350.5
1479250 2007461350.5
1480250 2007462350.5
1481250 2007463350.5
1482250 2007464350.5
1483250 2007465350.5
1484250 2007466350.5
1485250 2007467350.5
1486250 2007468350.5
1487250 2007469350.5
1488250 2007470350.5
1489250 2007471350.5
1490250 2007472350.5
1491250 2007473350.5
1492250 2007474350.5
1493250 2007475350.5
1494250 2007476350.5
1495250 2007477350.5
1496250 2007478350.5
1497250 2007479350.5
1498250 2007480350.5
1499250 2007481350.5
1500250 2007482350.5
1501250 2007483350.5
1502250 2007484350.5
1503250 2007485350.5
1504250 2007486350.5
1505250 2007487350.5
1506250 2007488350.5
1507250 2007489350.5
1508250 2007490350.5
1509250 2007491350.5
1510250 2007492350.5
1511250 2007493350.5
1512250 2007494350.5
1513250 2007495350.5
1514250 2007496350.5
1515250 2007497350.5
1516250 2007498350.5
1517250 2007499350.5
1518250 2007500350.5
1519250 2007501350.5
1520250 2007502350.5
1521250 2007503350.5
1522250 2007504350.5
1523250 2007505350.5
1524250 2007506350.5
1525250 2007507350.5
1526250 2007508350.5
1527250 2007509350.5
1528250 2007510350.5
1529250 2007511350.5
1530250 2007512350.5
1531250 2007513350.5
1532250 2007514350.5
1533250 2007515350.5
1534250 2007516350.5
1535250 2007517350.5
1536250 2007518350.5
1537250 2007519350.5
1538250 2007520350.5
1539250 2007521350.5
1540250 2007522350.5
1541250 2007523350.5
1542250 2007524350.5
1543250 2007525350.5
1544250 2007526350.5
1545250 2007527350.5
1546250 2007528350.5
1547250 2007529350.5
1548250 2007530350.5
1549250 2007531350.5
1550250 2007532350.5
1551250 2007533350.5
1552250 2007534350.5
1553250 2007535350.5
1554250 2007536350.5
1555250 2007537350.5
1556250 2007538350.5
1557250 2007539350.5
1558250 2007540350.5
1559250 2007541350.5
1560250 2007542350.5
1561250 2007543350.5
1562250 2007544350.5
1563250 2007545350.5
1564250 2007546350.5
1565250 2007547350.5
1566250 2007548350.5
1567250 2007549350.5
1568250 2007550350.5
1569250 2007551350.5
1570250 2007552350.5
1571250 2007553350.5
1572250 2007554350.5
1573250 2007555350.5
1574250 2007556350.5
1575250 2007557350.5
1576250 2007558350.5
1577250 2007559350.5
1578250 2007560350.5
1579250 2007561350.5
1580250 2007562350.5
1581250 2007563350.5
1582250 2007564350.5
1583250 2007565350.5
1584250 2007566350.5
1585250 2007567350.5
1586250 2007568350.5
1587250 2007569350.5
1588250 2007570350.5
1589250 2007571350.5
1590250 2007572350.5
1591250 2007573350.5
1592250 2007574350.5
1593250 2007575350.5
1594250 2007576350.5
1595250 2007577350.5
1596250 2007578350.5
1597250 2007579350.5
1598250 2007580350.5
1599250 2007581350.5
1600250 2007582350.5
1601250 2007583350.5
1602250 2007584350.5
1603250 2007585350.5
1604250 2007586350.5
1605250 2007587350.5
1606250 2007588350.5
1607250 2007589350.5
1608250 2007590350.5
1609250 2007591350.5
1610250 2007592350.5
1611250 2007593350.5
1612250 2007594350.5
1613250 2007595350.5
1614250 2007596350.5
1615250 2007597350.5
1616250 2007598350.5
1617250 2007599350.5
1618250 2007600350.5
1619250 2007601350.5
1620250 2007602350.5
1621250 2007603350.5
1622250 2007604350.5
1623250 2007605350.5
1624250 2007606350.5
1625250 2007607350.5
1626250 2007608350.5
1627250 2007609350.5
1628250 2007610350.5
1629250 2007611350.5
1630250 2007612350.5
1631250 2007613350.5
1632250 2007614350.5
1633250 2007615350.5
1634250 2007616350.5
1635250 2007617350.5
1636250 2007618350.5
1637250 2007619350.5
1638250 2007620350.5
1639250 2007621350.5
1640250 2007622350.5
1641250 2007623350.5
1642250 2007624350.5
1643250 2007625350.5
1644250 2007626350.5
1645250 2007627350.5
1646250 2007628350.5
1647250 2007629350.5
1648250 2007630350.5
1649250 2007631350.5
1650250 2007632350.5
1651250 2007633350.5
1652250 2007634350.5
1653250 2007635350.5
1654250 2007636350.5
1655250 2007637350.5
1656250 2007638350.5
1657250 2007639350.5
1658250 2007640350.5
1659250 2007641350.5
1660250 2007642350.5
1661250 2007643350.5
1662250 2007644350.5
1663250 2007645350.5
1664250 2007646350.5
1665250 2007647350.5
1666250 2007648350.5
1667250 2007649350.5
1668250 2007650350.5
1669250 2007651350.5
1670250 2007652350.5
1671250 2007653350.5
1672250 2007654350.5
1673250 2007655350.5
1674250 2007656350.5
1675250 2007657350.5
1676250 2007658350.5
1677250 2007659350.5
1678250 2007660350.5
1679250 2007661350.5
1680250 2007662350.5
1681250 2007663350.5
1682250 2007664350.5
1683250 2007665350.5
1684250 2007666350.5
1685250 2007667350.5
1686250 2007668350.5
1687250 2007669350.5
1688250 2007670350.5
1689250 2007671350.5
1690250 2007672350.5
1691250 2007673350.5
1692250 2007674350.5
1693250 2007675350.5
1694250 2007676350.5
1695250 2007677350.5
1696250 2007678350.5
1697250 2007679350.5
1698250 2007680350.5
1699250 2007681350.5
1700250 2007682350.5
1701250 2007683350.5
1702250 2007684350.5
1703250 2007685350.5
1704250 2007686350.5
1705250 2007687350.5
1706250 2007688350.5
1707250 2007689350.5
1708250 2007690350.5
1709250 2007691350.5
1710250 2007692350.5
1711250 2007693350.5
1712250 2007694350.5
1713250 2007695350.5
1714250 2007696350.5
1715250 2007697350.5
1716250 2007698350.5
1717250 2007699350.5
1718250 2007700350.5
1719250 2007701350.5
1720250 2007702350.5
1721250 2007703350.5
1722250 2007704350.5
1723250 2007705350.5
1724250 2007706350.5
1725250 2007707350.5
1726250 2007708350.5
1727250 2007709350.5
1728250 2007710350.5
1729250 2007711350.5
1730250 2007712350.5
1731250 2007713350.5
1732250 2007714350.5
1733250 2007715350.5
1734250 2007716350.5
1735250 2007717350.5
1736250 2007718350.5
1737250 2007719350.5
1738250 2007720350.5
1739250 2007721350.5
1740250 2007722350.5
1741250 2007723350.5
1742250 2007724350.5
1743250 2007725350.5
1744250 2007726350.5
1745250 2007727350.5
1746250 2007728350.5
1747250 2007729350.5
1748250 2007730350.5
1749250 2007731350.5
1750250 2007732350.5
1751250 2007733350.5
1752250 2007734350.5
1753250 2007735350.5
1754250 2007736350.5
1755250 2007737350.5
1756250 2007738350.5
1757250 2007739350.5
1758250 2007740350.5
1759250 2007741350.5
1760250 2007742350.5
1761250 2007743350.5
1762250 2007744350.5
1763250 2007745350.5
1764250 2007746350.5
1765250 2007747350.5
1766250 2007748350.5
1767250 2007749350.5
1768250 2007750350.5
1769250 2007751350.5
1770250 2007752350.5
1771250 2007753350.5
1772250 2007754350.5
1773250 2007755350.5
1774250 2007756350.5
1775250 2007757350.5
1776250 2007758350.5
1777250 2007759350.5
1778250 2007760350.5
1779250 2007761350.5
1780250 2007762350.5
1781250 2007763350.5
1782250 2007764350.5
1783250 2007765350.5
1784250 2007766350.5
1785250 2007767350.5
1786250 2007768350.5
1787250 2007769350.5
1788250 2007770350.5
1789250 2007771350.5
1790250 2007772350.5
1791250 2007773350.5
1792250 2007774350.5
1793250 2007775350.5
1794250 2007776350.5
1795250 2007777350.5
1796250 2007778350.5
1797250 2007779350.5
1798250 2007780350.5
1799250 2007781350.5
1800250 2007782350.5
1801250 2007783350.5
1802250 2007784350.5
1803250 2007785350.5
1804250 2007786350.5
1805250 2007787350.5
1806250 2007788350.5
1807250 2007789350.5
1808250 2007790350.5
1809250 2007791350.5
1810250 2007792350.5
1811250 2007793350.5
1812250 2007794350.5
1813250 2007795350.5
1814250 2007796350.5
1815250 2007797350.5
1816250 2007798350.5
1817250 2007799350.5
1818250 2007800350.5
1819250 2007801350.5
1820250 2007802350.5
1821250 2007803350.5
1822250 2007804350.5
1823250 2007805350.5
1824250 2007806350.5
1825250 2007807350.5
1826250 2007808350.5
1827250 2007809350.5
1828250 2007810350.5
1829250 2007811350.5
1830250 2007812350.5
1831250 2007813350.5
1832250 2007814350.5
1833250 2007815350.5
1834250 2007816350.5
1835250 2007817350.5
1836250 2007818350.5
1837250 2007819350.5
1838250 2007820350.5
1839250 2007821350.5
1840250 2007822350.5
1841250 2007823350.5
1842250 2007824350.5
1843250 2007825350.5
1844250 2007826350.5
1845250 2007827350.5
1846250 2007828350.5
1847250 2007829350.5
1848250 2007830350.5
1849250 2007831350.5
1850250 2007832350.5
1851250 2007833350.5
1852250 2007834350.5
1853250 2007835350.5
1854250 2007836350.5
1855250 2007837350.5
1856250 2007838350.5
1857250 2007839350.5
1858250 2007840350.5
1859250 2007841350.5
1860250 2007842350.5
1861250 2007843350.5
1862250 2007844350.5
1863250 2007845350.5
1864250 2007846350.5
1865250 2007847350.5
1866250 2007848350.5
1867250 2007849350.5
1868250 2007850350.5
1869250 2007851350.5
1870250 2007852350.5
1871250 2007853350.5
1872250 2007854350.5
1873250 2007855350.5
1874250 2007856350.5
1875250 2007857350.5
1876250 2007858350.5
1877250 2007859350.5
1878250 2007860350.5
1879250 2007861350.5
1880250 2007862350.5
1881250 2007863350.5
1882250 2007864350.5
1883250 2007865350.5
1884250 2007866350.5
1885250 2007867350.5
1886250 2007868350.5
1887250 2007869350.5
1888250 2007870350.5
1889250 2007871350.5
1890250 2007872350.5
1891250 2007873350.5
1892250 2007874350.5
1893250 2007875350.5
1894250 2007876350.5
1895250 2007877350.5
1896250 2007878350.5
1897250 2007879350.5
1898250 2007880350.5
1899250 2007881350.5
1900250 2007882350.5
1901250 2007883350.5
1902250 2007884350.5
1903250 2007885350.5
1904250 2007886350.5
1905250 2007887350.5
1906250 2007888350.5
1907250 2007889350.5
1908250 2007890350.5
1909250 2007891350.5
1910250 2007892350.5
1911250 2007893350.5
1912250 2007894350.5
1913250 2007895350.5
1914250 2007896350.5
1915250 2007897350.5
1916250 2007898350.5
1917250 2007899350.5
1918250 2007900350.5
1919250 2007901350.5
1920250 2007902350.5
1921250 2007903350.5
1922250 2007904350.5
1923250 2007905350.5
1924250 2007906350.5
1925250 2007907350.5
1926250 2007908350.5
1927250 2007909350.5
1928250 2007910350.5
1929250 2007911350.5
1930250 2007912350.5
1931250 2007913350.5
1932250 2007914350.5
1933250 2007915350.5
1934250 2007916350.5
1935250 2007917350.5
1936250 2007918350.5
1937250 2007919350.5
1938250 2007920350.5
1939250 2007921350.5
1940250 2007922350.5
1941250 2007923350.5
1942250 2007924350.5
1943250 2007925350.5
1944250 2007926350.5
1945250 2007927350.5
1946250 2007928350.5
1947250 2007929350.5
1948250 2007930350.5
1949250 2007931350.5
1950250 2007932350.5
1951250 2007933350.5
1952250 2007934350.5
1953250 2007935350.5
1954250 2007936350.5
1955250 2007937350.5
1956250 2007938350.5
1957250 2007939350.5
1958250 2007940350.5
1959250 2007941350.5
1960250 2007942350.5
1961250 2007943350.5
1962250 2007944350.5
1963250 2007945350.5
1964250 2007946350.5
1965250 2007947350.5
1966250 2007948350.5
1967250 2007949350.5
1968250 2007950350.5
1969250 2007951350.5
1970250 2007952350.5
1971250 2007953350.5
1972250 2007954350.5
1973250 2007955350.5
1974250 2007956350.5
1975250 2007957350.5
1976250 2007958350.5
1977250 2007959350.5
1978250 2007960350.5
1979250 2007961350.5
1980250 2007962350.5
1981250 2007963350.5
1982250 2007964350.5
1983250 2007965350.5
1984250 2007966350.5
1985250 2007967350.5
1986250 2007968350.5
1987250 2007969350.5
1988250 2007970350.5
1989250 2007971350.5
1990250 2007972350.5
1991250 2007973350.5
1992250 2007974350.5
1993250 2007975350.5
1994250 2007976350.5
1995250 2007977350.5
1996250 2007978350.5
1997250 2007979350.5
1998250 2007980350.5
1999250 2007981350.5
2000250 2007982350.5
2001250 2007983350.5
2002250 2007984350.5
2003250 2007985350.5
2004250 2007986350.5
2005250 2007987350.5
2006250 2007988350.5
2007250 2007989350.5
2008250 2007990350.5
2009250 2007991350.5
2010250 2007992350.5
2011250 2007993350.5
2012250 2007994350.5
2013250 2007995350.5
2014250 2007996350.5
2015250 2007997350.5
2016250 2007998350.5
2017250 2007999350.5
2018250 2008000350.5
2019250 2008001350.5
2020250 2008002350.5
2021250 2008003350.5
2022250 2008004350.5
2023250 2008005350.5
2024250 2008006350.5
2025250 2008007350.5
2026250 2008008350.5
2027250 2008009350.5
2028250 2008010350.5
2029250 2008011350.5
2030250 2008012350.5
2031250 2008013350.5
2032250 2008014350.5
2033250 2008015350.5
2034250 2008016350.5
2035250 2008017350.5
2036250 2008018350.5
2037250 2008019350.5
2038250 2008020350.5
2039250 2008021350.5
2040250 2008022350.5
2041250 2008023350.5
2042250 2008024350.5
2043250 2008025350.5
2044250 2008026350.5
2045250 2008027350.5
2046250 2008028350.5
2047250 2008029350.5
2048250 2008030350.5
2049250 2008031350.5
2050250 2008032350.5
2051250 2008033350.5
2052250 2008034350.5
2053250 2008035350.5
2054250 2008036350.5
2055250 2008037350.5
2056250 2008038350.5
2057250 2008039350.5
2058250 2008040350.5
2059250 2008041350.5
2060250 2008042350.5
2061250 2008043350.5
2062250 2008044350.5
2063250 2008045350.5
2064250 2008046350.5
2065250 2008047350.5
2066250 2008048350.5
2067250 2008049350.5
2068250 2008050350.5
2069250 2008051350.5
2070250 2008052350.5
2071250 2008053350.5
2072250 2008054350.5
2073250 2008055350.5
2074250 2008056350.5
2075250 2008057350.5
2076250 2008058350.5
2077250 2008059350.5
2078250 2008060350.5
2079250 2008061350.5
2080250 2008062350.5
2081250 2008063350.5
2082250 2008064350.5
2083250 2008065350.5
2084250 2008066350.5
2085250 2008067350.5
2086250 2008068350.5
2087250 2008069350.5
2088250 2008070350.5
2089250 2008071350.5
2090250 2008072350.5
2091250 2008073350.5
2092250 2008074350.5
2093250 2008075350.5
2094250 2008076350.5
2095250 2008077350.5
2096250 2008078350.5
2097250 2008079350.5
2098250 2008080350.5
2099250 2008081350.5
2100250 2008082350.5
2101250 2008083350.5
2102250 2008084350.5
2103250 2008085350.5
2104250 2008086350.5
2105250 2008087350.5
2106250 2008088350.5
2107250 2008089350.5
2108250 2008090350.5
2109250 2008091350.5
2110250 2008092350.5
2111250 2008093350.5
2112250 2008094350.5
2113250 2008095350.5
2114250 2008096350.5
2115250 2008097350.5
2116250 2008098350.5
2117250 2008099350.5
2118250 2008100350.5
2119250 2008101350.5
2120250 2008102350.5
2121250 2008103350.5
2122250 2008104350.5
2123250 2008105350.5
2124250 2008106350.5
2125250 2008107350.5
2126250 2008108350.5
2127250 2008109350.5
2128250 2008110350.5
2129250 2008111350.5
2130250 2008112350.5
2131250 2008113350.5
2132250 2008114350.5
2133250 2008115350.5
2134250 2008116350.5
2135250 2008117350.5
2136250 2008118350.5
2137250 2008119350.5
2138250 2008120350.5
2139250 2008121350.5
2140250 2008122350.5
2141250 2008123350.5
2142250 2008124350.5
2143250 2008125350.5
2144250 2008126350.5
2145250 2008127350.5
2146250 2008128350.5
2147250 2008129350.5
2148250 2008130350.5
2149250 2008131350.5
2150250 2008132350.5
2151250 2008133350.5
2152250 2008134350.5
2153250 2008135350.5
2154250 2008136350.5
2155250 2008137350.5
2156250 2008138350.5
2157250 2008139350.5
2158250 2008140350.5
2159250 2008141350.5
2160250 2008142350.5
2161250 2008143350.5
2162250 2008144350.5
2163250 2008145350.5
2164250 2008146350.5
2165250 2008147350.5
2166250 2008148350.5
2167250 2008149350.5
2168250 2008150350.5
2169250 2008151350.5
2170250 2008152350.5
2171250 2008153350.5
2172250 2008154350.5
2173250 2008155350.5
2174250 2008156350.5
2175250 2008157350.5
2176250 2008158350.5
2177250 2008159350.5
2178250 2008160350.5
2179250 2008161350.5
2180250 2008162350.5
2181250 2008163350.5
2182250 2008164350.5
2183250 2008165350.5
2184250 2008166350.5
2185250 2008167350.5
2186250 2008168350.5
2187250 2008169350.5
2188250 2008170350.5
2189250 2008171350.5
2190250 2008172350.5
2191250 2008173350.5
2192250 2008174350.5
2193250 2008175350.5
2194250 2008176350.5
2195250 2008177350.5
2196250 2008178350.5
2197250 2008179350.5
2198250 2008180350.5
2199250 2008181350.5
2200250 2008182350.5
2201250 2008183350.5
2202250 2008184350.5
2203250 2008185350.5
2204250 2008186350.5
2205250 2008187350.5
2206250 2008188350.5
2207250 2008189350.5
2208250 2008190350.5
2209250 2008191350.5
2210250 2008192350.5
2211250 2008193350.5
2212250 2008194350.5
2213250 2008195350.5
2214250 2008196350.5
2215250 2008197350.5
2216250 2008198350.5
2217250 2008199350.5
2218250 2008200350.5
2219250 2008201350.5
2220250 2008202350.5
2221250 2008203350.5
2222250 2008204350.5
2223250 2008205350.5
2224250 2008206350.5
2225250 2008207350.5
2226250 2008208350.5
2227250 2008209350.5
2228250 2008210350.5
2229250 2008211350.5
2230250 2008212350.5
2231250 2008213350.5
2232250 2008214350.5
2233250 2008215350.5
2234250 2008216350.5
2235250 2008217350.5
2236250 2008218350.5
2237250 2008219350.5
2238250 2008220350.5
2239250 2008221350.5
2240250 2008222350.5
2241250 2008223350.5
2242250 2008224350.5
2243250 2008225350.5
2244250 2008226350.5
2245250 2008227350.5
2246250 2008228350.5
2247250 2008229350.5
2248250 2008230350.5
2249250 2008231350.5
2250250 2008232350.5
2251250 2008233350.5
2252250 2008234350.5
2253250 2008235350.5
2254250 2008236350.5
2255250 2008237350.5
2256250 2008238350.5
2257250 2008239350.5
2258250 2008240350.5
2259250 2008241350.5
2260250 2008242350.5
2261250 2008243350.5
2262250 2008244350.5
2263250 2008245350.5
2264250 2008246350.5
2265250 2008247350.5
2266250 2008248350.5
2267250 2008249350.5
2268250 2008250350.5
2269250 2008251350.5
2270250 2008252350.5
2271250 2008253350.5
2272250 2008254350.5
2273250 2008255350.5
2274250 2008256350.5
2275250 2008257350.5
2276250 2008258350.5
2277250 2008259350.5
2278250 2008260350.5
2279250 2008261350.5
2280250 2008262350.5
2281250 2008263350.5
2282250 2008264350.5
2283250 2008265350.5
2284250 2008266350.5
2285250 2008267350.5
2286250 2008268350.5
2287250 2008269350.5
2288250 2008270350.5
2289250 2008271350.5
2290250 2008272350.5
2291250 2008273350.5
2292250 2008274350.5
2293250 2008275350.5
2294250 2008276350.5
2295250 2008277350.5
2296250 2008278350.5
2297250 2008279350.5
2298250 2008280350.5
2299250 2008281350.5
2300250 2008282350.5
2301250 2008283350.5
2302250 2008284350.5
2303250 2008285350.5
2304250 2008286350.5
2305250 2008287350.5
2306250 2008288350.5
2307250 2008289350.5
2308250 2008290350.5
2309250 2008291350.5
2310250 2008292350.5
2311250 2008293350.5
2312250 2008294350.5
2313250 2008295350.5
2314250 2008296350.5
2315250 2008297350.5
2316250 2008298350.5
2317250 2008299350.5
2318250 2008300350.5
2319250 2008301350.5
2320250 2008302350.5
2321250 2008303350.5
2322250 2008304350.5
2323250 2008305350.5
2324250 2008306350.5
2325250 2008307350.5
2326250 2008308350.5
2327250 2008309350.5
2328250 2008310350.5
2329250 2008311350.5
2330250 2008312350.5
2331250 2008313350.5
2332250 2008314350.5
2333250 2008315350.5
2334250 2008316350.5
2335250 2008317350.5
2336250 2008318350.5
2337250 2008319350.5
2338250 2008320350.5
2339250 2008321350.5
2340250 2008322350.5
2341250 2008323350.5
2342250 2008324350.5
2343250 2008325350.5
2344250 2008326350.5
2345250 2008327350.5
2346250 2008328350.5
2347250 2008329350.5
2348250 2008330350.5
2349250 2008331350.5
2350250 2008332350.5
2351250 2008333350.5
2352250 2008334350.5
2353250 2008335350.5
2354250 2008336350.5
2355250 2008337350.5
2356250 2008338350.5
2357250 2008339350.5
2358250 2008340350.5
2359250 2008341350.5
2360250 2008342350.5
2361250 2008343350.5
2362250 2008344350.5
2363250 2008345350.5
2364250 2008346350.5
2365250 2008347350.5
2366250 2008348350.5
2367250 2008349350.5
2368250 2008350350.5
2369250 2008351350.5
2370250 2008352350.5
2371250 2008353350.5
2372250 2008354350.5
2373250 2008355350.5
2374250 2008356350.5
2375250 2008357350.5
2376250 2008358350.5
2377250 2008359350.5
2378250 2008360350.5
2379250 2008361350.5
2380250 2008362350.5
2381250 2008363350.5
2382250 2008364350.5
2383250 2008365350.5
2384250 2008366350.5
2385250 2008367350.5
2386250 2008368350.5
2387250 2008369350.5
2388250 2008370350.5
2389250 2008371350.5
2390250 2008372350.5
2391250 2008373350.5
2392250 2008374350.5
2393250 2008375350.5
2394250 2008376350.5
2395250 2008377350.5
2396250 2008378350.5
2397250 2008379350.5
2398250 2008380350.5
2399250 2008381350.5
2400250 2008382350.5
2401250 2008383350.5
2402250 2008384350.5
2403250 2008385350.5
2404250 2008386350.5
2405250 2008387350.5
2406250 2008388350.5
2407250 2008389350.5
2408250 2008390350.5
2409250 2008391350.5
2410250 2008392350.5
2411250 2008393350.5
2412250 2008394350.5
2413250 2008395350.5
2414250 2008396350.5
2415250 2008397350.5
2416250 2008398350.5
2417250 2008399350.5
2418250 2008400350.5
2419250 2008401350.5
2420250 2008402350.5
2421250 2008403350.5
2422250 2008404350.5
2423250 2008405350.5
2424250 2008406350.5
2425250 2008407350.5
2426250 2008408350.5
2427250 2008409350.5
2428250 2008410350.5
2429250 2008411350.5
2430250 2008412350.5
2431250 2008413350.5
2432250 2008414350.5
2433250 2008415350.5
2434250 2008416350.5
2435250 2008417350.5
2436250 2008418350.5
2437250 2008419350.5
2438250 2008420350.5
2439250 2008421350.5
2440250 2008422350.5
2441250 2008423350.5
2442250 2008424350.5
2443250 2008425350.5
2444250 2008426350.5
2445250 2008427350.5
2446250 2008428350.5
2447250 2008429350.5
2448250 2008430350.5
2449250 2008431350.5
2450250 2008432350.5
2451250 2008433350.5
2452250 2008434350.5
2453250 2008435350.5
2454250 2008436350.5
2455250 2008437350.5
2456250 2008438350.5
2457250 2008439350.5
2458250 2008440350.5
2459250 2008441350.5
2460250 2008442350.5
2461250 2008443350.5
2462250 2008444350.5
2463250 2008445350.5
2464250 2008446350.5
2465250 2008447350.5
2466250 2008448350.5
2467250 2008449350.5
2468250 2008450350.5
2469250 2008451350.5
2470250 2008452350.5
2471250 2008453350.5
2472250 2008454350.5
2473250 2008455350.5
2474250 2008456350.5
2475250 2008457350.5
2476250 2008458350.5
2477250 2008459350.5
2478250 2008460350.5
2479250 2008461350.5
2480250 2008462350.5
2481250 2008463350.5
2482250 2008464350.5
2483250 2008465350.5
2484250 2008466350.5
2485250 2008467350.5
2486250 2008468350.5
2487250 2008469350.5
2488250 2008470350.5
2489250 2008471350.5
2490250 2008472350.5
2491250 2008473350.5
2492250 2008474350.5
2493250 2008475350.5
2494250 2008476350.5
2495250 2008477350.5
2496250 2008478350.5
2497250 2008479350.5
2498250 2008480350.5
2499250 2008481350.5
2500250 2008482350.5
2501250 2008483350.5
2502250 2008484350.5
2503250 2008485350.5
2504250 2008486350.5
2505250 2008487350.5
2506250 2008488350.5
2507250 2008489350.5
2508250 2008490350.5
2509250 2008491350.5
2510250 2008492350.5
2511250 2008493350.5
2512250 2008494350.5
2513250 2008495350.5
2514250 2008496350.5
2515250 2008497350.5
2516250 2008498350.5
2517250 2008499350.5
2518250 2008500350.5
2519250 2008501350.5
2520250 2008502350.5
2521250 2008503350.5
2522250 2008504350.5
2523250 2008505350.5
