33322 15034639.63
34322 38831569.394
35322 59478177.504
36322 81705795.76
37322 102546535.219
38322 122015137.022
39322 143960339.347
40322 165476100.135
41322 185470976.43
42322 205148732.116
43322 223532129.183
44322 240609780.942
45322 256115276.749
46322 272400403.407
47322 288296278.661
48322 303147660.416
49322 318006529.397
50322 332496514.884
51322 346513685.673
52322 359968773.346
53322 372752282.586
54322 385454485.871
55322 397568846.313
56322 407345714.339
57322 418997753.17
58322 430280932.352
59322 441111261.325
60322 451432255.447
61322 461353484.633
62322 471178597.637
63322 480806447.117
64322 490162262.466
65322 498827543.523
66322 506477923.972
67322 514858730.059
68322 522974781.758
69322 530288743.172
70322 537231617.239
71322 544361409.777
72322 551504000.079
73322 558496373.091
74322 564977027.036
75322 570240027.612
76322 576515611.859
77322 582686788.009
78322 588818084.169
79322 594361706.181
80322 598791958.936
81322 603464179.729
82322 608869717.858
83322 614043882.404
84322 619118673.163
85322 624191088.753
86322 628798783.179
87322 633327057.651
88322 637947980.671
89322 642322086.453
90322 646764452.471
91322 650715367.357
92322 654594536.125
93322 658391592.463
94322 662151354.51
95322 665945602.262
96322 669143532.195
97322 672261996.645
98322 675480143.109
99322 678908244.313
100322 681812080.374
101322 684531692.323
102322 687018262.353
103322 690039895.957
104322 693035382.894
105322 695300698.727
106322 697495218.69
107322 700058063.216
108322 702706833.967
109322 704911837.026
110322 707440757.289
111322 709696342.447
112322 711921936.008
113322 714054806.315
114322 716084301.503
115322 718235509.056
116322 720345067.216
117322 722460860.605
118322 724541624.65
119322 726551150.551
120322 728329688.99
121322 730235186.427
122322 731902231.901
123322 733590141.89
124322 735358674.425
125322 737063925.514
126322 738615693.147
127322 740205294.148
128322 741572781.207
129322 743069648.798
130322 744626203.545
131322 746039907.449
132322 747260015.39
133322 748444021.905
134322 749694242.231
135322 751005259.696
136322 752018688.169
137322 753152476.7
138322 754407940.487
139322 755668316.444
140322 756781942.285
141322 757758480.235
142322 758809612.986
143322 759972277.162
144322 761078464.355
145322 762114515.421
146322 763144994.306
147322 764008540.688
148322 764945366.857
149322 765947048.907
150322 766858889.877
151322 767747962.593
152322 768596776.421
153322 769445963.978
154322 770214392.468
155322 771035896.585
156322 771801832.327
157322 772615788.071
158322 773470974.047
159322 774284134.789
160322 775013021.225
161322 775736310.148
162322 776473431.814
163322 777117933.178
164322 777718602.033
165322 778356845.561
166322 778951960.436
167322 779480992.976
168322 780042245.338
169322 780632777.24
170322 781189721.774
171322 781660794.423
172322 782158187.989
173322 782676930.534
174322 783202607.222
175322 783699396.33
176322 784275211.72
177322 784778179.375
178322 785262119.113
179322 785747845.26
180322 786235773.839
181322 786698154.023
182322 787178431.505
183322 787601085.058
184322 787981684.422
185322 788405386.54
186322 788829477.058
187322 789228351.84
188322 789653023.66
189322 790049662.724
190322 790401439.457
191322 790750021.982
192322 791130127.654
193322 791510026.437
194322 791873414.914
195322 792232060.345
196322 792609301.953
197322 792955652.233
198322 793261994.507
199322 793619827.351
200322 793976757.071
201322 794293882.513
202322 794617750.717
203322 794921346.99
204322 795234572.043
205322 795550703.433
206322 795844786.745
207322 796137900.321
208322 796416543.573
209322 796690988.133
210322 796963715.832
211322 797237637.761
212322 797528175.708
213322 797819738.156
214322 798075704.465
215322 798340801.878
216322 798573014.412
217322 798795684.574
218322 799022849.751
219322 799253401.663
220322 799491447.027
221322 799712338.734
222322 799943322.167
223322 800176345.53
224322 800376651.635
225322 800570344.052
226322 800755554.603
227322 800944930.743
228322 801135214.48
229322 801320855.461
230322 801494424.747
231322 801666159.697
232322 801827562.497
233322 801989003.188
234322 802146667.882
235322 802308007.224
236322 802475733.188
237322 802634155.998
238322 802796936.336
239322 802959412.903
240322 803122740.937
241322 803297819.929
242322 803464216.808
243322 803618111.94
244322 803768750.392
245322 803923356.34
246322 804079249.653
247322 804231545.588
248322 804379131.78
249322 804521259.042
250322 804654196.997
251322 804791496.021
252322 804924950.591
253322 805053379.508
254322 805181131.73
255322 805305553.683
256322 805421998.801
257322 805532560.832
258322 805642097.23
259322 805769272.922
260322 805896219.871
261322 806019078.666
262322 806141798.399
263322 806257885.505
264322 806371252.959
265322 806474467.49
266322 806576890.432
267322 806686278.178
268322 806801822.511
269322 806908386.043
270322 807019398.914
271322 807122368.333
272322 807220222.927
273322 807319323.843
274322 807414614.315
275322 807499019.618
276322 807590283.227
277322 807684954.067
278322 807770020.001
279322 807856731.122
280322 807946784.351
281322 808029868.411
282322 808111550.02
283322 808195015.591
284322 808273651.86
285322 808357678.316
286322 808437323.7
287322 808512915.229
288322 808586133.592
289322 808661107.947
290322 808735948.064
291322 808817884.494
292322 808893363.696
293322 808961247.841
294322 809031270.816
295322 809104046.466
296322 809169579.894
297322 809232721.817
298322 809307705.533
299322 809381206.849
300322 809449414.951
301322 809517537.862
302322 809590470.98
303322 809657242.34
304322 809717951.834
305322 809784750.459
306322 809847216.623
307322 809903237.027
308322 809958688.05
309322 810016706.002
310322 810076560.526
311322 810131415.983
312322 810184125.042
313322 810241975.44
314322 810305009.477
315322 810362693.826
316322 810416333.36
317322 810469877.267
318322 810524188.123
319322 810576779.34
320322 810623405.077
321322 810667413.031
322322 810720553.009
323322 810771111.35
324322 810818596.142
325322 810864235.768
326322 810909055.8
327322 810958855.312
328322 811007253.333
329322 811054514.455
330322 811099585.563
331322 811146901.105
332322 811194585.593
333322 811237658.82
334322 811278464.106
335322 811318934.94
336322 811361231.849
337322 811403588.324
338322 811443935.68
339322 811484996.484
340322 811524295.039
341322 811565017.941
342322 811608026.703
343322 811652760.437
344322 811691132.032
345322 811724918.018
346322 811759938.342
347322 811800078.067
348322 811837587.528
349322 811873779.526
350322 811908055.714
351322 811940714.55
352322 811979244.806
353322 812017408.761
354322 812053229.169
355322 812087008.556
356322 812119698.996
357322 812152120.121
358322 812187983.603
359322 812223399.04
360322 812255952.919
361322 812286124.383
362322 812312737.053
363322 812345028.423
364322 812380421.982
365322 812413950.371
366322 812443984.299
367322 812470874.516
368322 812496699.883
369322 812529750.041
370322 812562019.224
371322 812595064.082
372322 812625759.621
373322 812653417.635
374322 812679800.905
375322 812707331.301
376322 812739675.018
377322 812770773.952
378322 812799243.975
379322 812826409.369
380322 812851363.316
381322 812880628.408
382322 812912709.194
383322 812942137.989
384322 812968450.591
385322 812992864.424
386322 813017233.764
387322 813042896.253
388322 813073003.375
389322 813100864.202
390322 813126952.245
391322 813151551.077
392322 813173885.376
393322 813197428.15
394322 813227273.449
395322 813255126.121
396322 813281065.304
397322 813305928.352
398322 813327494.773
399322 813348200.679
400322 813373365.164
401322 813400701.709
402322 813425711.822
403322 813448374.741
404322 813470062.143
405322 813490016.794
406322 813508397.401
407322 813533684.44
408322 813559267.16
409322 813582503.013
410322 813605100.933
411322 813627323.13
412322 813646506.173
413322 813664659.628
414322 813686651.709
415322 813710504.019
416322 813733960.87
417322 813755956.574
418322 813774766.999
419322 813791951.863
420322 813807971.423
421322 813827919.216
422322 813850772.428
423322 813873291.079
424322 813893099.17
425322 813911339.978
426322 813929041.111
427322 813945489.258
428322 813959858.59
429322 813980813.988
430322 814001750.959
431322 814023519.641
432322 814042917.353
433322 814060459.246
434322 814077000.89
435322 814092643.334
436322 814107256.278
437322 814127661.277
438322 814146686.114
439322 814164563.582
440322 814181253.947
441322 814198115.758
442322 814214889.751
443322 814228930.491
444322 814242723.639
445322 814261986.396
446322 814281819.412
447322 814300540.403
448322 814318003.128
449322 814333361.007
450322 814347320.15
451322 814360417.644
452322 814372583.355
453322 814390420.608
454322 814408377.839
455322 814425648.512
456322 814441813.495
457322 814457361.539
458322 814471879.06
459322 814484631.577
460322 814495974.627
461322 814511921.528
462322 814530787.604
463322 814547881.943
464322 814563353.448
465322 814578018.24
466322 814591262.31
467322 814603481.255
468322 814614228.838
469322 814626880.647
470322 814644637.75
471322 814661571.98
472322 814677727.841
473322 814692820.868
474322 814706276.026
475322 814718283.325
476322 814730073.037
477322 814739985.674
478322 814751412.179
479322 814768201.006
480322 814784138.893
481322 814799733.044
482322 814814389.011
483322 814828120.633
484322 814840474.351
485322 814852089.104
486322 814862443.461
487322 814871265.102
488322 814884930.407
489322 814901239.86
490322 814916056.898
491322 814930333.207
492322 814943598.239
493322 814956159.49
494322 814967112.126
495322 814977288.686
496322 814986461.165
497322 814995822.04
498322 815010991.151
499322 815025687.72
500322 815039569.313
501322 815052676.214
502322 815063884.882
503322 815075196.663
504322 815085405.153
505322 815094178.874
506322 815102399.413
507322 815112107.087
508322 815126667.397
509322 815141045.685
510322 815154212.072
511322 815167041.128
512322 815178014.054
513322 815188588.748
514322 815198388.134
515322 815207187.503
516322 815215066.873
517322 815222473.321
518322 815234744.016
519322 815248100.321
520322 815260855.241
521322 815272601.459
522322 815283421.991
523322 815293040.59
524322 815301800.218
525322 815310586.78
526322 815318664.311
527322 815325341.261
528322 815335468.739
529322 815348783.957
530322 815360513.425
531322 815371813.641
532322 815383068.467
533322 815393350.079
534322 815402559.074
535322 815411125.804
536322 815419330.6
537322 815426643.354
538322 815433610.635
539322 815444509.913
540322 815457265.757
541322 815469092.024
542322 815480034.695
543322 815490667.185
544322 815500594.152
545322 815509555.325
546322 815517697.056
547322 815525230.291
548322 815531975.579
549322 815537906.918
550322 815545007.553
551322 815557106.949
552322 815568269.82
553322 815578780.689
554322 815588968.861
555322 815598480.235
556322 815607465.874
557322 815615776.39
558322 815623419.984
559322 815630484.742
560322 815636830.069
561322 815642524.125
562322 815648826.146
563322 815660037.574
564322 815671261.681
565322 815681005.451
566322 815690771.584
567322 815699973.147
568322 815708730.733
569322 815716549.182
570322 815724220.319
571322 815731191.344
572322 815737685.082
573322 815743059.349
574322 815748090.361
575322 815758000.16
576322 815768968.655
577322 815779119.032
578322 815788712.271
579322 815797702.961
580322 815806018.619
581322 815813834.898
582322 815821009.06
583322 815827779.093
584322 815834024.274
585322 815839260.605
586322 815844214.722
587322 815852002.962
588322 815862337.66
589322 815872183.152
590322 815881367.968
591322 815890239.945
592322 815898546.94
593322 815906243.293
594322 815913285.228
595322 815919786.33
596322 815925923.22
597322 815931081.457
598322 815936077.017
599322 815940666.135
600322 815948402.405
601322 815958246.573
602322 815967993.929
603322 815976837.273
604322 815985133.54
605322 815992950.238
606322 816000330.885
607322 816007238.691
608322 816013758.263
609322 816019620.858
610322 816024834.118
611322 816029675.979
612322 816034305.519
613322 816039492.13
614322 816048692.061
615322 816058048.811
616322 816066822.658
617322 816075419.166
618322 816083464.89
619322 816091244.815
620322 816098412.203
621322 816104999.094
622322 816111030.052
623322 816116730.791
624322 816121972.91
625322 816126296.591
626322 816130645.522
627322 816134666.124
628322 816141293.58
629322 816150172.759
630322 816158917.881
631322 816167178.071
632322 816175353.668
633322 816182600.95
634322 816189611.361
635322 816196030.674
636322 816202049.959
637322 816207590.734
638322 816212585.683
639322 816217101.174
640322 816221030.177
641322 816224625.015
642322 816228212.542
643322 816235781.72
644322 816244130.664
645322 816251972.015
646322 816259393.244
647322 816266589.209
648322 816273412.158
649322 816280022.372
650322 816286293.807
651322 816291928.025
652322 816296984.011
653322 816301633.557
654322 816305887.165
655322 816309624.367
656322 816312830.353
657322 816317900.808
658322 816325776.883
659322 816333557.426
660322 816340885.562
661322 816347954.731
662322 816354722.789
663322 816361183.321
664322 816367117.908
665322 816372568.915
666322 816377738.869
667322 816382694.576
668322 816387209.739
669322 816391094.275
670322 816394580.079
671322 816397898.513
672322 816401034.907
673322 816407371.055
674322 816415331.343
675322 816422817.139
676322 816429946.226
677322 816436820.309
678322 816443374.189
679322 816449437.845
680322 816455174.485
681322 816460377.4
682322 816465155.064
683322 816469692.62
684322 816473777.518
685322 816477545.666
686322 816480951.561
687322 816484311.959
688322 816487136.881
689322 816492221.777
690322 816499518.448
691322 816506627.458
692322 816513375.721
693322 816519796.265
694322 816525856.379
695322 816531643.485
696322 816537158.689
697322 816542262.078
698322 816546978.666
699322 816551375.817
700322 816555418.316
701322 816559361.032
702322 816562990.498
703322 816566184.342
704322 816569038.963
705322 816571628.112
706322 816575946.213
707322 816582961.49
708322 816589745.703
709322 816596341.682
710322 816602586.278
711322 816608392.942
712322 816613644.336
713322 816618771.931
714322 816623648.276
715322 816628101.724
716322 816632370.183
717322 816636471.004
718322 816640241.235
719322 816643661.585
720322 816646706.84
721322 816649469.915
722322 816652128.252
723322 816655969.912
724322 816662824.085
725322 816669226.162
726322 816675449.519
727322 816681211.022
728322 816686719.408
729322 816692024.72
730322 816697179.21
731322 816702158.372
732322 816706715.108
733322 816710916.707
734322 816714936.319
735322 816718550.028
736322 816721969.885
737322 816725176.046
738322 816727968.931
739322 816730670.096
740322 816733012.558
741322 816736519.522
742322 816742700.549
743322 816748771.331
744322 816754846.29
745322 816760568.642
746322 816765908.218
747322 816771101.141
748322 816776152.637
749322 816780765.677
750322 816784990.271
751322 816788971.171
752322 816792761.511
753322 816796197.593
754322 816799555.423
755322 816802594.798
756322 816805295.87
757322 816807862.801
758322 816810090.691
759322 816813180.496
760322 816819095.336
761322 816825010.678
762322 816830615.267
763322 816836107.209
764322 816841313.224
765322 816846135.508
766322 816850844.082
767322 816855311.481
768322 816859608.682
769322 816863584.242
770322 816867332.044
771322 816871000.469
772322 816874335.123
773322 816877348.312
774322 816880061.968
775322 816882625.502
776322 816884886.536
777322 816886789.647
778322 816889938.069
779322 816895693.817
780322 816901427.617
781322 816907040.309
782322 816912259.499
783322 816917265.191
784322 816922089.023
785322 816926703.57
786322 816931084.702
787322 816935282.798
788322 816939199.022
789322 816942905.926
790322 816946339.04
791322 816949591.691
792322 816952701.049
793322 816955587.825
794322 816958336.366
795322 816960851.308
796322 816963139.134
797322 816965173.434
798322 816966998.202
799322 816970507.185
800322 816976034.379
801322 816981204.026
802322 816986189.29
803322 816990953.12
804322 816995458.368
805322 816999709.647
806322 817003851.601
807322 817007844.129
808322 817011776.754
809322 817015434.379
810322 817018831.029
811322 817022060.371
812322 817025094.921
813322 817028051.794
814322 817030799.397
815322 817033272.553
816322 817035503.097
817322 817037575.393
818322 817039463.343
819322 817041271.971
820322 817045529.95
821322 817050648.287
822322 817055580.598
823322 817060264.484
824322 817064757.952
825322 817069143.877
826322 817073329.492
827322 817077298.147
828322 817081077.13
829322 817084769.94
830322 817088161.927
831322 817091522.557
832322 817094622.002
833322 817097423.852
834322 817100106.159
835322 817102522.515
836322 817104829.682
837322 817106992.966
838322 817109000.301
839322 817110786.786
840322 817112554.869
841322 817116506.392
842322 817121202.174
843322 817125757.601
844322 817130172.808
845322 817134361.697
846322 817138409.299
847322 817142335.568
848322 817145935.06
849322 817149513.605
850322 817152845.954
851322 817156059.04
852322 817159103.89
853322 817161918.639
854322 817164704.407
855322 817167289.529
856322 817169731.636
857322 817172018.023
858322 817174082.024
859322 817175978.696
860322 817177685.437
861322 817179247.241
862322 817181400.764
863322 817185501.832
864322 817189627.826
865322 817193780.282
866322 817197706.295
867322 817201593.863
868322 817205268.0
869322 817208761.256
870322 817212142.276
871322 817215436.893
872322 817218631.859
873322 817221565.372
874322 817224422.429
875322 817227131.894
876322 817229595.089
877322 817231919.186
878322 817234056.68
879322 817236084.98
880322 817237922.402
881322 817239724.683
882322 817241383.39
883322 817242881.134
884322 817246377.464
885322 817250602.392
886322 817254845.539
887322 817259055.614
888322 817263078.486
889322 817266865.608
890322 817270497.211
891322 817274003.135
892322 817277392.607
893322 817280748.25
894322 817283952.903
895322 817287015.12
896322 817289921.348
897322 817292632.53
898322 817295292.551
899322 817297794.325
900322 817300183.756
901322 817302470.974
902322 817304640.323
903322 817306703.675
904322 817308578.687
905322 817310370.254
906322 817312001.848
907322 817313590.457
908322 817315025.984
909322 817316421.533
910322 817319615.06
911322 817323421.207
912322 817327132.007
913322 817330727.971
914322 817334238.303
915322 817337596.611
916322 817340921.401
917322 817344227.724
918322 817347332.07
919322 817350250.027
920322 817353082.863
921322 817355737.388
922322 817358291.789
923322 817360767.903
924322 817363169.231
925322 817365426.207
926322 817367575.835
927322 817369552.599
928322 817371404.812
929322 817373199.895
930322 817374868.779
931322 817376423.468
932322 817377882.52
933322 817379160.367
934322 817381416.238
935322 817384852.743
936322 817388238.858
937322 817391543.718
938322 817394827.619
939322 817398022.712
940322 817400985.018
941322 817403846.872
942322 817406607.906
943322 817409380.099
944322 817411952.372
945322 817414497.431
946322 817416927.179
947322 817419222.542
948322 817421408.096
949322 817423539.31
950322 817425555.353
951322 817427485.353
952322 817429260.652
953322 817430907.908
954322 817432471.34
955322 817433934.028
956322 817435299.182
957322 817436517.339
958322 817438584.44
959322 817441780.243
960322 817444865.319
961322 817447908.31
962322 817450797.707
963322 817453705.701
964322 817456492.172
965322 817459148.309
966322 817461739.803
967322 817464232.903
968322 817466636.349
969322 817468972.987
970322 817471204.08
971322 817473331.305
972322 817475346.975
973322 817477267.412
974322 817479091.773
975322 817480817.812
976322 817482440.041
977322 817483986.585
978322 817485429.078
979322 817486790.651
980322 817488076.817
981322 817489285.271
982322 817491664.643
983322 817494587.182
984322 817497487.188
985322 817500286.332
986322 817502985.647
987322 817505584.376
988322 817508139.692
989322 817510569.177
990322 817512931.784
991322 817515255.917
992322 817517512.7
993322 817519648.283
994322 817521671.747
995322 817523631.306
996322 817525537.314
997322 817527358.534
998322 817529097.673
999322 817530793.91
1000322 817532360.399
1001322 817533853.441
1002322 817535304.182
1003322 817536649.858
1004322 817537932.14
1005322 817539118.187
1006322 817540488.192
1007322 817542991.742
1008322 817545608.345
1009322 817548167.121
1010322 817550690.527
1011322 817553105.539
1012322 817555473.174
1013322 817557799.116
1014322 817560033.023
1015322 817562207.336
1016322 817564290.172
1017322 817566339.957
1018322 817568315.976
1019322 817570274.106
1020322 817572174.895
1021322 817573959.737
1022322 817575699.03
1023322 817577414.014
1024322 817579040.592
1025322 817580608.59
1026322 817582094.048
1027322 817583498.84
1028322 817584868.312
1029322 817586178.785
1030322 817587428.99
1031322 817588608.719
1032322 817589760.419
1033322 817591056.212
1034322 817593286.489
1035322 817595578.167
1036322 817597740.385
1037322 817599839.027
1038322 817601971.879
1039322 817604013.935
1040322 817606019.156
1041322 817607960.748
1042322 817609833.76
1043322 817611677.756
1044322 817613489.376
1045322 817615222.76
1046322 817616924.766
1047322 817618549.364
1048322 817620112.879
1049322 817621635.296
1050322 817623118.258
1051322 817624561.069
1052322 817625911.0
1053322 817627200.608
1054322 817628459.577
1055322 817629675.106
1056322 817630823.61
1057322 817631911.518
1058322 817633102.181
1059322 817634958.688
1060322 817636786.323
1061322 817638607.61
1062322 817640401.598
1063322 817642183.3
1064322 817643912.025
1065322 817645629.166
1066322 817647278.22
1067322 817648922.645
1068322 817650516.196
1069322 817652067.39
1070322 817653610.085
1071322 817655091.381
1072322 817656534.745
1073322 817657944.894
1074322 817659324.702
1075322 817660652.379
1076322 817661955.669
1077322 817663204.208
1078322 817664407.48
1079322 817665593.775
1080322 817666725.137
1081322 817667817.799
1082322 817668877.712
1083322 817669974.086
1084322 817671425.084
1085322 817672902.719
1086322 817674339.81
1087322 817675776.513
1088322 817677211.88
1089322 817678618.475
1090322 817680003.538
1091322 817681341.494
1092322 817682681.46
1093322 817684015.162
1094322 817685316.34
1095322 817686586.504
1096322 817687828.061
1097322 817689067.963
1098322 817690270.859
1099322 817691456.196
1100322 817692638.214
1101322 817693799.999
1102322 817694915.851
1103322 817696022.287
1104322 817697093.962
1105322 817698146.059
1106322 817699184.352
1107322 817700205.64
1108322 817701207.5
1109322 817702207.5
1110322 817703207.5
1111322 817704207.5
1112322 817705207.5
1113322 817706207.5
1114322 817707207.5
1115322 817708207.5
1116322 817709207.5
1117322 817710207.5
1118322 817711207.5
1119322 817712207.5
1120322 817713207.5
1121322 817714207.5
1122322 817715207.5
1123322 817716207.5
1124322 817717207.5
1125322 817718207.5
1126322 817719207.5
1127322 817720207.5
1128322 817721207.5
1129322 817722207.5
1130322 817723207.5
1131322 817724207.5
1132322 817725207.5
1133322 817726207.5
1134322 817727207.5
1135322 817728207.5
1136322 817729207.5
1137322 817730207.5
1138322 817731207.5
1139322 817732207.5
