130745 18977326.826
131745 56806596.48
132745 93176117.371
133745 127670674.509
134745 160808648.477
135745 194143781.851
136745 225913348.901
137745 257705569.116
138745 288048990.362
139745 317577365.841
140745 346475013.315
141745 374992874.678
142745 402771884.127
143745 429542069.858
144745 455944314.008
145745 482087006.796
146745 507510855.363
147745 532276107.601
148745 556914441.857
149745 581176137.06
150745 604084119.616
151745 627437203.636
152745 651104404.301
153745 673998312.436
154745 696417741.743
155745 718984924.431
156745 741212926.298
157745 763104433.411
158745 784371179.257
159745 804674042.139
160745 824138901.803
161745 843167141.467
162745 862149954.185
163745 880543248.626
164745 898446160.004
165745 915773618.061
166745 933502873.384
167745 950791164.515
168745 967229848.83
169745 983486469.885
170745 999698979.055
171745 1016075915.261
172745 1031402762.845
173745 1046768144.883
174745 1062270072.721
175745 1077836933.614
176745 1092384630.064
177745 1107042481.643
178745 1121217259.735
179745 1135491413.336
180745 1149694028.96
181745 1163424333.041
182745 1176789377.465
183745 1189855465.848
184745 1202926663.051
185745 1215726534.13
186745 1228334952.13
187745 1241178993.049
188745 1253651428.038
189745 1265640186.705
190745 1277712688.207
191745 1289685280.831
192745 1301293226.767
193745 1312948676.867
194745 1324347467.957
195745 1335688716.894
196745 1346659847.255
197745 1357436513.422
198745 1367872920.935
199745 1378341753.412
200745 1389070479.497
201745 1399243469.057
202745 1409599141.702
203745 1419715368.523
204745 1429952637.872
205745 1439963741.95
206745 1449719789.14
207745 1459291125.298
208745 1468665728.233
209745 1478012796.415
210745 1486989510.813
211745 1496157815.593
212745 1504733503.755
213745 1513586841.24
214745 1522239357.169
215745 1530796822.272
216745 1539435491.93
217745 1547955291.121
218745 1556471403.421
219745 1564542151.983
220745 1572941911.419
221745 1581111505.239
222745 1588898913.978
223745 1597049941.499
224745 1604725165.372
225745 1612360454.152
226745 1620102397.585
227745 1627667556.782
228745 1634913701.714
229745 1641994238.847
230745 1649279054.057
231745 1656344117.523
232745 1663248757.411
233745 1669804559.726
234745 1676626726.202
235745 1683383056.351
236745 1689849042.673
237745 1696423160.947
238745 1703118590.363
239745 1709744118.102
240745 1716375815.061
241745 1722678226.406
242745 1728753733.364
243745 1735040256.337
244745 1741281522.492
245745 1747396573.899
246745 1753647422.642
247745 1759737821.994
248745 1765715487.393
249745 1771613287.91
250745 1777228516.594
251745 1782964536.336
252745 1788626432.627
253745 1794258648.604
254745 1799774445.481
255745 1805103302.523
256745 1810511333.771
257745 1815937963.565
258745 1821176363.694
259745 1826221553.756
260745 1831148940.181
261745 1836235136.056
262745 1841252829.846
263745 1846208703.079
264745 1850979976.017
265745 1855774713.033
266745 1860278345.303
267745 1865004819.138
268745 1869647352.653
269745 1874359774.705
270745 1878889571.415
271745 1883303530.772
272745 1887691729.477
273745 1892003807.112
274745 1896158506.327
275745 1900444709.049
276745 1904726652.936
277745 1908954793.148
278745 1913215850.105
279745 1917368874.709
280745 1921474168.499
281745 1925559396.973
282745 1929578645.294
283745 1933587548.062
284745 1937490232.993
285745 1941326085.802
286745 1945128768.693
287745 1948950112.583
288745 1952838969.193
289745 1956508514.247
290745 1960069915.909
291745 1963515310.928
292745 1967101729.666
293745 1970689766.375
294745 1974072809.835
295745 1977585624.73
296745 1981025702.519
297745 1984246198.828
298745 1987579294.148
299745 1990890313.227
300745 1994320533.992
301745 1997650804.647
302745 2000967085.37
303745 2004167814.295
304745 2007323611.835
305745 2010503610.08
306745 2013597130.821
307745 2016705796.709
308745 2019781186.289
309745 2022872234.217
310745 2025795698.496
311745 2028764981.365
312745 2031661214.889
313745 2034555773.776
314745 2037478683.115
315745 2040256377.893
316745 2043036617.466
317745 2045958765.57
318745 2048782858.684
319745 2051656672.838
320745 2054459269.969
321745 2057213077.009
322745 2059810703.051
323745 2062509936.354
324745 2065138849.301
325745 2067692333.318
326745 2070229818.935
327745 2072747101.678
328745 2075181232.772
329745 2077757117.435
330745 2080155339.831
331745 2082521949.981
332745 2084924807.285
333745 2087360037.934
334745 2089701053.805
335745 2092041341.706
336745 2094304706.965
337745 2096682956.457
338745 2098974551.247
339745 2101195212.467
340745 2103356752.131
341745 2105570733.758
342745 2107682568.944
343745 2109749387.262
344745 2111945932.734
345745 2113987819.992
346745 2116080839.047
347745 2118082863.851
348745 2120013121.45
349745 2121947161.442
350745 2123911987.048
351745 2125848706.471
352745 2127773147.372
353745 2129696523.095
354745 2131651493.35
355745 2133615275.482
356745 2135501971.171
357745 2137290845.506
358745 2139143608.846
359745 2140866062.103
360745 2142656093.942
361745 2144455933.267
362745 2146331709.411
363745 2148097841.223
364745 2149821902.656
365745 2151504566.843
366745 2153170929.344
367745 2154881786.139
368745 2156522718.392
369745 2158097620.013
370745 2159668307.723
371745 2161288465.068
372745 2162898435.006
373745 2164516504.54
374745 2166175070.532
375745 2167704809.703
376745 2169208553.748
377745 2170693706.868
378745 2172154109.852
379745 2173603016.577
380745 2175067437.877
381745 2176542029.129
382745 2178061837.344
383745 2179477247.166
384745 2180841146.298
385745 2182304954.273
386745 2183765778.32
387745 2185167850.319
388745 2186566062.431
389745 2187975141.34
390745 2189274056.897
391745 2190609187.665
392745 2191919531.825
393745 2193202016.303
394745 2194444815.359
395745 2195687992.432
396745 2197012462.115
397745 2198269048.615
398745 2199534350.443
399745 2200739049.318
400745 2201982833.727
401745 2203170406.638
402745 2204387275.424
403745 2205601239.204
404745 2206792700.936
405745 2207966615.551
406745 2209129738.44
407745 2210239447.582
408745 2211377984.848
409745 2212516994.116
410745 2213610194.064
411745 2214631186.952
412745 2215666491.348
413745 2216704746.465
414745 2217738364.244
415745 2218835381.043
416745 2219875185.102
417745 2220923090.056
418745 2221909744.328
419745 2222883601.704
420745 2223899757.354
421745 2224891683.228
422745 2225863789.017
423745 2226830545.448
424745 2227771051.854
425745 2228744974.179
426745 2229718388.063
427745 2230670770.455
428745 2231577181.861
429745 2232497026.046
430745 2233346144.63
431745 2234194376.29
432745 2235059638.558
433745 2235975268.129
434745 2236818562.351
435745 2237706611.42
436745 2238616115.241
437745 2239490044.865
438745 2240373517.803
439745 2241194546.827
440745 2242000846.687
441745 2242801943.172
442745 2243616678.769
443745 2244442317.189
444745 2245218627.402
445745 2245986907.366
446745 2246775864.941
447745 2247549577.966
448745 2248313683.68
449745 2249101962.741
450745 2249845424.904
451745 2250575403.357
452745 2251279198.784
453745 2252009227.048
454745 2252703926.103
455745 2253416920.136
456745 2254129719.705
457745 2254810253.811
458745 2255502977.314
459745 2256174288.499
460745 2256827278.081
461745 2257489642.257
462745 2258150910.536
463745 2258824258.277
464745 2259496404.183
465745 2260161064.562
466745 2260779485.87
467745 2261383498.675
468745 2261993058.901
469745 2262606304.341
470745 2263235612.217
471745 2263843670.38
472745 2264441042.773
473745 2265067967.204
474745 2265653658.069
475745 2266199147.304
476745 2266785677.316
477745 2267371122.316
478745 2267935531.641
479745 2268507283.18
480745 2269070010.181
481745 2269615921.534
482745 2270167651.809
483745 2270719157.147
484745 2271258230.658
485745 2271820565.743
486745 2272348191.124
487745 2272853285.572
488745 2273347391.795
489745 2273859835.65
490745 2274355440.022
491745 2274852111.371
492745 2275365063.474
493745 2275865751.006
494745 2276354568.891
495745 2276822021.513
496745 2277296302.974
497745 2277759956.73
498745 2278224536.597
499745 2278681950.613
500745 2279135473.225
501745 2279599150.399
502745 2280046751.167
503745 2280513757.473
504745 2280961128.038
505745 2281410289.878
506745 2281851262.35
507745 2282280184.263
508745 2282723318.001
509745 2283143528.487
510745 2283561593.286
511745 2283968663.916
512745 2284366386.745
513745 2284739119.868
514745 2285140729.575
515745 2285534441.648
516745 2285919646.421
517745 2286299041.734
518745 2286685100.818
519745 2287069635.038
520745 2287440800.93
521745 2287787044.675
522745 2288132063.531
523745 2288499664.512
524745 2288860099.222
525745 2289218622.357
526745 2289570447.926
527745 2289918683.993
528745 2290252354.497
529745 2290579481.63
530745 2290901121.389
531745 2291243980.377
532745 2291559468.947
533745 2291875561.694
534745 2292198280.165
535745 2292523828.276
536745 2292867968.692
537745 2293204450.318
538745 2293526797.753
539745 2293832515.735
540745 2294145271.504
541745 2294446391.621
542745 2294756286.161
543745 2295062680.483
544745 2295362718.294
545745 2295636004.054
546745 2295921387.388
547745 2296202177.91
548745 2296470667.766
549745 2296737947.104
550745 2296998576.89
551745 2297260670.55
552745 2297524393.498
553745 2297785867.703
554745 2298040971.692
555745 2298311802.364
556745 2298571679.072
557745 2298820048.17
558745 2299074191.297
559745 2299324257.526
560745 2299580163.465
561745 2299838780.308
562745 2300081055.788
563745 2300319501.25
564745 2300553162.699
565745 2300785253.52
566745 2301033200.859
567745 2301273557.617
568745 2301500548.446
569745 2301725131.916
570745 2301950188.315
571745 2302183687.713
572745 2302419141.904
573745 2302644240.896
574745 2302862696.451
575745 2303067985.962
576745 2303274049.582
577745 2303483533.225
578745 2303687766.766
579745 2303894405.134
580745 2304101063.203
581745 2304300169.005
582745 2304498854.164
583745 2304686837.874
584745 2304869407.284
585745 2305057816.092
586745 2305248247.641
587745 2305437747.223
588745 2305619785.552
589745 2305803666.878
590745 2305996886.691
591745 2306181089.204
592745 2306359526.69
593745 2306537991.96
594745 2306710587.041
595745 2306885573.527
596745 2307052352.544
597745 2307219641.478
598745 2307392508.79
599745 2307556246.25
600745 2307715337.154
601745 2307872797.594
602745 2308036544.917
603745 2308191294.387
604745 2308339432.295
605745 2308500455.246
606745 2308656565.721
607745 2308817832.472
608745 2308971856.447
609745 2309121047.701
610745 2309266165.004
611745 2309413663.776
612745 2309563165.401
613745 2309706037.103
614745 2309845264.066
615745 2309984760.146
616745 2310119610.209
617745 2310255748.187
618745 2310386970.473
619745 2310514649.169
620745 2310637704.168
621745 2310760749.65
622745 2310889350.076
623745 2311025186.614
624745 2311153135.453
625745 2311273828.839
626745 2311396229.012
627745 2311521668.899
628745 2311642703.985
629745 2311763439.085
630745 2311883031.748
631745 2311996708.204
632745 2312115915.662
633745 2312239634.802
634745 2312351216.979
635745 2312455976.274
636745 2312562640.449
637745 2312671187.634
638745 2312785854.809
639745 2312901492.581
640745 2313004617.906
641745 2313111861.628
642745 2313223766.608
643745 2313334663.819
644745 2313435851.319
645745 2313532987.738
646745 2313631349.658
647745 2313733317.022
648745 2313832677.453
649745 2313939337.568
650745 2314039027.949
651745 2314138139.395
652745 2314234768.665
653745 2314321767.269
654745 2314409128.281
655745 2314500453.312
656745 2314594048.516
657745 2314683000.21
658745 2314772062.72
659745 2314857278.507
660745 2314941041.503
661745 2315019466.714
662745 2315104782.957
663745 2315188121.667
664745 2315270251.697
665745 2315355822.204
666745 2315437715.512
667745 2315518828.391
668745 2315601017.803
669745 2315684169.209
670745 2315760304.903
671745 2315835713.272
672745 2315912593.632
673745 2315988439.542
674745 2316062815.395
675745 2316133784.481
676745 2316203024.206
677745 2316270446.674
678745 2316340835.377
679745 2316410504.961
680745 2316482488.844
681745 2316557816.608
682745 2316630720.756
683745 2316697076.433
684745 2316763378.568
685745 2316828250.914
686745 2316891438.395
687745 2316954986.465
688745 2317016885.968
689745 2317079422.645
690745 2317142354.806
691745 2317203086.546
692745 2317263701.886
693745 2317325178.044
694745 2317383778.715
695745 2317443016.222
696745 2317498457.266
697745 2317555864.025
698745 2317611825.026
699745 2317671039.641
700745 2317727422.286
701745 2317784367.125
702745 2317840583.906
703745 2317895610.239
704745 2317949208.917
705745 2318004293.5
706745 2318060008.103
707745 2318110460.273
708745 2318160073.202
709745 2318207260.322
710745 2318257732.794
711745 2318307222.878
712745 2318355396.07
713745 2318403956.609
714745 2318451938.931
715745 2318502312.628
716745 2318550233.919
717745 2318597944.46
718745 2318641306.162
719745 2318688840.73
720745 2318733020.566
721745 2318775047.073
722745 2318818105.332
723745 2318859669.812
724745 2318900994.349
725745 2318942648.141
726745 2318985306.991
727745 2319023816.861
728745 2319063403.036
729745 2319103932.966
730745 2319145571.923
731745 2319189284.029
732745 2319228455.207
733745 2319266860.63
734745 2319305525.059
735745 2319343702.079
736745 2319380798.572
737745 2319421333.537
738745 2319461040.227
739745 2319498638.645
740745 2319536943.234
741745 2319571879.676
742745 2319607944.988
743745 2319645192.688
744745 2319679875.267
745745 2319716999.455
746745 2319750997.792
747745 2319782249.19
748745 2319813642.54
749745 2319844615.111
750745 2319876128.744
751745 2319908300.485
752745 2319940284.023
753745 2319971188.45
754745 2320002075.434
755745 2320032026.606
756745 2320060545.733
757745 2320091337.148
758745 2320122688.666
759745 2320152889.241
760745 2320181124.188
761745 2320209752.691
762745 2320241279.9
763745 2320269918.557
764745 2320297216.258
765745 2320323908.322
766745 2320350248.761
767745 2320377321.585
768745 2320403409.006
769745 2320431023.365
770745 2320460129.718
771745 2320485410.58
772745 2320512259.886
773745 2320539332.829
774745 2320565563.548
775745 2320590067.971
776745 2320612645.005
777745 2320636727.526
778745 2320660374.093
779745 2320684967.403
780745 2320707448.73
781745 2320729593.631
782745 2320751981.536
783745 2320773891.241
784745 2320794614.93
785745 2320816593.738
786745 2320838997.702
787745 2320861723.829
788745 2320882818.51
789745 2320904062.482
790745 2320924756.533
791745 2320945601.682
792745 2320965632.002
793745 2320985774.516
794745 2321006284.319
795745 2321027597.665
796745 2321048009.838
797745 2321067350.684
798745 2321085099.052
799745 2321103682.359
800745 2321121431.425
801745 2321140486.934
802745 2321158964.124
803745 2321176616.559
804745 2321194426.572
805745 2321212269.388
806745 2321230471.443
807745 2321247165.898
808745 2321263797.407
809745 2321280683.759
810745 2321298074.404
811745 2321314477.855
812745 2321330202.05
813745 2321346086.088
814745 2321362349.81
815745 2321377692.174
816745 2321393063.739
817745 2321408824.989
818745 2321423474.11
819745 2321438504.886
820745 2321453282.66
821745 2321468052.654
822745 2321481809.064
823745 2321494971.341
824745 2321509049.791
825745 2321523389.864
826745 2321537723.695
827745 2321551989.126
828745 2321565510.703
829745 2321578830.349
830745 2321592656.135
831745 2321605441.889
832745 2321618633.869
833745 2321631415.748
834745 2321643649.532
835745 2321656517.875
836745 2321668982.41
837745 2321680916.756
838745 2321693122.448
839745 2321705180.683
840745 2321717136.163
841745 2321727658.327
842745 2321739131.272
843745 2321751075.029
844745 2321762410.004
845745 2321773753.233
846745 2321785017.153
847745 2321796034.705
848745 2321806370.061
849745 2321816716.435
850745 2321827274.989
851745 2321837648.151
852745 2321847421.846
853745 2321857484.503
854745 2321867729.141
855745 2321878410.207
856745 2321888424.626
857745 2321898722.48
858745 2321909160.078
859745 2321919232.983
860745 2321929115.666
861745 2321938468.221
862745 2321948108.481
863745 2321957693.579
864745 2321966697.667
865745 2321975989.124
866745 2321985113.914
867745 2321994069.215
868745 2322002567.191
869745 2322011348.239
870745 2322019992.75
871745 2322028960.62
872745 2322037161.13
873745 2322045053.904
874745 2322053639.513
875745 2322061822.989
876745 2322069664.665
877745 2322078139.358
878745 2322086326.169
879745 2322094409.098
880745 2322102023.991
881745 2322109713.629
882745 2322117142.172
883745 2322124472.937
884745 2322131647.679
885745 2322138644.996
886745 2322146090.477
887745 2322153770.408
888745 2322160989.73
889745 2322168061.874
890745 2322174704.925
891745 2322181377.098
892745 2322188377.315
893745 2322195409.007
894745 2322202336.335
895745 2322209035.353
896745 2322215331.365
897745 2322221716.625
898745 2322228123.457
899745 2322234405.977
900745 2322240838.544
901745 2322247283.817
902745 2322254104.72
903745 2322260426.341
904745 2322266416.413
905745 2322272497.095
906745 2322278749.257
907745 2322284509.572
908745 2322290292.492
909745 2322295787.035
910745 2322301487.504
911745 2322307063.104
912745 2322312421.288
913745 2322318150.57
914745 2322323551.714
915745 2322328822.461
916745 2322334305.362
917745 2322339504.162
918745 2322344706.78
919745 2322349851.531
920745 2322354738.558
921745 2322359865.297
922745 2322365008.945
923745 2322370251.921
924745 2322375437.833
925745 2322380491.93
926745 2322385609.238
927745 2322390391.177
928745 2322395140.177
929745 2322399751.392
930745 2322404851.025
931745 2322409665.624
932745 2322414455.402
933745 2322418747.189
934745 2322423362.353
935745 2322427985.572
936745 2322432456.401
937745 2322437248.518
938745 2322441802.354
939745 2322446321.728
940745 2322450826.508
941745 2322455216.273
942745 2322459677.798
943745 2322464058.677
944745 2322468358.163
945745 2322472488.844
946745 2322476625.811
947745 2322480773.146
948745 2322484702.141
949745 2322488675.958
950745 2322492747.255
951745 2322496627.554
952745 2322500619.032
953745 2322504430.6
954745 2322508153.85
955745 2322512022.737
956745 2322515939.846
957745 2322519964.56
958745 2322523880.923
959745 2322527682.41
960745 2322531432.314
961745 2322535110.1
962745 2322538571.338
963745 2322542344.817
964745 2322545769.659
965745 2322549474.852
966745 2322552978.4
967745 2322556405.861
968745 2322559865.598
969745 2322563490.676
970745 2322566908.703
971745 2322570548.751
972745 2322574082.057
973745 2322577662.423
974745 2322581282.315
975745 2322584756.627
976745 2322588154.027
977745 2322591585.224
978745 2322594855.984
979745 2322598127.643
980745 2322601442.464
981745 2322604709.19
982745 2322607998.25
983745 2322611139.679
984745 2322614133.415
985745 2322617149.265
986745 2322620225.114
987745 2322623142.072
988745 2322626051.746
989745 2322628939.658
990745 2322631818.194
991745 2322634760.789
992745 2322637723.112
993745 2322640610.774
994745 2322643528.416
995745 2322646482.242
996745 2322649336.727
997745 2322652219.799
998745 2322655110.173
999745 2322657927.14
1000745 2322660778.32
1001745 2322663581.429
1002745 2322666356.136
1003745 2322669173.849
1004745 2322671838.15
1005745 2322674580.934
1006745 2322677344.526
1007745 2322679999.924
1008745 2322682700.677
1009745 2322685319.206
1010745 2322687973.592
1011745 2322690484.323
1012745 2322693059.931
1013745 2322695657.661
1014745 2322698284.936
1015745 2322700785.944
1016745 2322703393.682
1017745 2322706039.228
1018745 2322708638.703
1019745 2322711250.062
1020745 2322713699.26
1021745 2322716274.425
1022745 2322718835.227
1023745 2322721398.793
1024745 2322723858.394
1025745 2322726286.39
1026745 2322728690.367
1027745 2322731157.281
1028745 2322733629.13
1029745 2322736015.367
1030745 2322738388.184
1031745 2322740695.046
1032745 2322743024.466
1033745 2322745352.22
1034745 2322747635.873
1035745 2322749802.396
1036745 2322752007.644
1037745 2322754180.775
1038745 2322756380.017
1039745 2322758589.539
1040745 2322760731.082
1041745 2322762901.202
1042745 2322765092.955
1043745 2322767351.55
1044745 2322769534.094
1045745 2322771715.837
1046745 2322773777.826
1047745 2322775883.031
1048745 2322778014.634
1049745 2322780085.634
1050745 2322782173.407
1051745 2322784337.202
1052745 2322786485.702
1053745 2322788658.021
1054745 2322790658.636
1055745 2322792733.684
1056745 2322794730.484
1057745 2322796812.409
1058745 2322798850.973
1059745 2322800869.775
1060745 2322802905.084
1061745 2322804847.668
1062745 2322806814.099
1063745 2322808874.267
1064745 2322810874.816
1065745 2322812826.754
1066745 2322814789.467
1067745 2322816772.123
1068745 2322818740.17
1069745 2322820791.178
1070745 2322822738.523
1071745 2322824640.545
1072745 2322826654.145
1073745 2322828643.65
1074745 2322830583.846
1075745 2322832532.866
1076745 2322834474.74
1077745 2322836443.867
1078745 2322838279.128
1079745 2322840132.837
1080745 2322841930.476
1081745 2322843726.384
1082745 2322845487.237
1083745 2322847265.662
1084745 2322849134.691
1085745 2322851011.098
1086745 2322852817.395
1087745 2322854624.492
1088745 2322856360.983
1089745 2322858069.58
1090745 2322859801.519
1091745 2322861540.95
1092745 2322863266.493
1093745 2322865046.298
1094745 2322866816.406
1095745 2322868538.943
1096745 2322870330.158
1097745 2322872072.112
1098745 2322873855.733
1099745 2322875549.031
1100745 2322877267.525
1101745 2322878977.025
1102745 2322880677.857
1103745 2322882387.636
1104745 2322884125.671
1105745 2322885918.49
1106745 2322887607.049
1107745 2322889286.169
1108745 2322890968.55
1109745 2322892607.688
1110745 2322894244.273
1111745 2322895871.638
1112745 2322897486.081
1113745 2322899113.779
1114745 2322900758.669
1115745 2322902481.825
1116745 2322904162.574
1117745 2322905789.112
1118745 2322907433.482
1119745 2322909094.053
1120745 2322910733.783
1121745 2322912393.344
1122745 2322914016.191
1123745 2322915687.996
1124745 2322917292.72
1125745 2322918871.802
1126745 2322920457.776
1127745 2322922066.708
1128745 2322923684.726
1129745 2322925262.617
1130745 2322926814.204
1131745 2322928354.288
1132745 2322929918.376
1133745 2322931481.546
1134745 2322932961.844
1135745 2322934481.302
1136745 2322935975.791
1137745 2322937523.654
1138745 2322939082.562
1139745 2322940573.664
1140745 2322942018.044
1141745 2322943469.176
1142745 2322944963.979
1143745 2322946467.418
1144745 2322947937.276
1145745 2322949389.923
1146745 2322950833.49
1147745 2322952257.527
1148745 2322953685.929
1149745 2322955102.16
1150745 2322956530.867
1151745 2322957966.831
1152745 2322959413.588
1153745 2322960833.299
1154745 2322962330.215
1155745 2322963781.973
1156745 2322965265.317
1157745 2322966720.448
1158745 2322968141.739
1159745 2322969564.504
1160745 2322971027.548
1161745 2322972464.314
1162745 2322973877.871
1163745 2322975276.56
1164745 2322976648.17
1165745 2322978039.022
1166745 2322979472.575
1167745 2322980839.828
1168745 2322982215.575
1169745 2322983609.59
1170745 2322985008.274
1171745 2322986406.926
1172745 2322987809.251
1173745 2322989182.458
1174745 2322990561.616
1175745 2322991939.817
1176745 2322993331.801
1177745 2322994723.886
1178745 2322996077.552
1179745 2322997417.599
1180745 2322998821.203
1181745 2323000176.086
1182745 2323001566.388
1183745 2323002931.267
1184745 2323004234.968
1185745 2323005591.693
1186745 2323006922.773
1187745 2323008286.96
1188745 2323009647.862
1189745 2323010967.274
1190745 2323012293.739
1191745 2323013623.551
1192745 2323014989.309
1193745 2323016365.38
1194745 2323017719.982
1195745 2323019021.588
1196745 2323020329.441
1197745 2323021630.662
1198745 2323022941.405
1199745 2323024245.304
1200745 2323025561.378
1201745 2323026867.887
1202745 2323028148.469
1203745 2323029422.521
1204745 2323030716.069
1205745 2323031970.984
1206745 2323033244.318
1207745 2323034520.016
1208745 2323035771.424
1209745 2323037027.634
1210745 2323038276.915
1211745 2323039548.371
1212745 2323040821.872
1213745 2323042088.085
1214745 2323043362.468
1215745 2323044616.037
1216745 2323045913.927
1217745 2323047163.314
1218745 2323048396.077
1219745 2323049639.806
1220745 2323050872.405
1221745 2323052124.667
1222745 2323053381.117
1223745 2323054620.441
1224745 2323055875.91
1225745 2323057149.276
1226745 2323058409.913
1227745 2323059669.317
1228745 2323060902.811
1229745 2323062139.338
1230745 2323063394.587
1231745 2323064637.16
1232745 2323065865.311
1233745 2323067102.928
1234745 2323068343.534
1235745 2323069569.166
1236745 2323070797.838
1237745 2323072030.456
1238745 2323073266.455
1239745 2323074481.096
1240745 2323075708.739
1241745 2323076924.197
1242745 2323078139.359
1243745 2323079353.199
1244745 2323080542.76
1245745 2323081758.161
1246745 2323082987.366
1247745 2323084200.32
1248745 2323085407.42
1249745 2323086625.882
1250745 2323087827.353
1251745 2323089034.666
1252745 2323090225.995
1253745 2323091429.365
1254745 2323092625.751
1255745 2323093831.4
1256745 2323095034.939
1257745 2323096245.337
1258745 2323097462.645
1259745 2323098665.448
1260745 2323099867.497
1261745 2323101051.022
1262745 2323102251.637
1263745 2323103443.33
1264745 2323104637.711
1265745 2323105835.058
1266745 2323107022.111
1267745 2323108220.803
1268745 2323109384.916
1269745 2323110555.21
1270745 2323111708.878
1271745 2323112851.96
1272745 2323113992.507
1273745 2323115138.846
1274745 2323116281.202
1275745 2323117428.569
1276745 2323118589.714
1277745 2323119717.955
1278745 2323120853.486
1279745 2323121993.013
1280745 2323123137.588
1281745 2323124283.077
1282745 2323125420.822
1283745 2323126536.375
1284745 2323127665.541
1285745 2323128808.66
1286745 2323129936.065
1287745 2323131069.431
1288745 2323132195.831
1289745 2323133326.851
1290745 2323134441.173
1291745 2323135571.883
1292745 2323136706.723
1293745 2323137841.84
1294745 2323138988.172
1295745 2323140117.057
1296745 2323141239.992
1297745 2323142380.138
1298745 2323143527.81
1299745 2323144661.794
1300745 2323145803.374
1301745 2323146916.867
1302745 2323148030.307
1303745 2323149144.196
1304745 2323150255.931
1305745 2323151364.337
1306745 2323152491.028
1307745 2323153636.594
1308745 2323154749.912
1309745 2323155860.971
1310745 2323156979.442
1311745 2323158087.289
1312745 2323159205.914
1313745 2323160315.624
1314745 2323161416.143
1315745 2323162523.053
1316745 2323163637.747
1317745 2323164732.012
1318745 2323165824.203
1319745 2323166934.778
1320745 2323168058.47
1321745 2323169165.201
1322745 2323170270.426
1323745 2323171364.77
1324745 2323172470.411
1325745 2323173579.778
1326745 2323174672.921
1327745 2323175788.934
1328745 2323176900.149
1329745 2323178002.29
1330745 2323179108.091
1331745 2323180212.157
1332745 2323181317.481
1333745 2323182415.386
1334745 2323183508.367
1335745 2323184599.702
1336745 2323185690.698
1337745 2323186803.81
1338745 2323187891.265
1339745 2323188983.442
1340745 2323190066.358
1341745 2323191167.351
1342745 2323192268.391
1343745 2323193368.361
1344745 2323194476.051
1345745 2323195573.961
1346745 2323196656.779
1347745 2323197738.204
1348745 2323198823.77
1349745 2323199913.41
1350745 2323200993.243
1351745 2323202072.608
1352745 2323203142.919
1353745 2323204225.37
1354745 2323205316.395
1355745 2323206407.361
1356745 2323207466.524
1357745 2323208516.475
1358745 2323209575.378
1359745 2323210647.009
1360745 2323211706.295
1361745 2323212759.753
1362745 2323213815.129
1363745 2323214854.216
1364745 2323215896.452
1365745 2323216953.336
1366745 2323217994.776
1367745 2323219044.132
1368745 2323220086.969
1369745 2323221149.341
1370745 2323222200.972
1371745 2323223247.864
1372745 2323224293.123
1373745 2323225344.237
1374745 2323226385.088
1375745 2323227426.486
1376745 2323228475.875
1377745 2323229526.256
1378745 2323230573.639
1379745 2323231628.122
1380745 2323232669.31
1381745 2323233711.192
1382745 2323234772.907
1383745 2323235819.677
1384745 2323236862.884
1385745 2323237914.77
1386745 2323238959.037
1387745 2323240002.893
1388745 2323241052.666
1389745 2323242096.915
1390745 2323243129.856
1391745 2323244174.864
1392745 2323245223.893
1393745 2323246263.42
1394745 2323247303.144
1395745 2323248344.303
1396745 2323249387.97
1397745 2323250418.759
1398745 2323251457.065
1399745 2323252492.406
1400745 2323253535.794
1401745 2323254580.66
1402745 2323255620.739
1403745 2323256666.127
1404745 2323257713.543
1405745 2323258757.327
1406745 2323259794.013
1407745 2323260829.814
1408745 2323261868.342
1409745 2323262901.368
1410745 2323263939.388
1411745 2323264986.029
1412745 2323266018.793
1413745 2323267064.843
1414745 2323268098.593
1415745 2323269145.052
1416745 2323270184.833
1417745 2323271223.512
1418745 2323272259.011
1419745 2323273293.286
1420745 2323274325.934
1421745 2323275362.286
1422745 2323276403.984
1423745 2323277433.893
1424745 2323278470.325
1425745 2323279506.947
1426745 2323280538.042
1427745 2323281575.216
1428745 2323282609.706
1429745 2323283632.456
1430745 2323284653.519
1431745 2323285676.092
1432745 2323286698.088
1433745 2323287732.907
1434745 2323288762.494
1435745 2323289789.401
1436745 2323290827.894
1437745 2323291863.137
1438745 2323292895.901
1439745 2323293923.244
1440745 2323294943.98
1441745 2323295975.669
1442745 2323297000.938
1443745 2323298024.737
1444745 2323299053.909
1445745 2323300088.26
1446745 2323301117.993
1447745 2323302145.768
1448745 2323303177.318
1449745 2323304203.001
1450745 2323305226.0
1451745 2323306248.525
1452745 2323307271.512
1453745 2323308297.215
1454745 2323309319.625
1455745 2323310336.559
1456745 2323311363.287
1457745 2323312389.975
1458745 2323313409.797
1459745 2323314435.065
1460745 2323315456.824
1461745 2323316477.614
1462745 2323317500.621
1463745 2323318517.647
1464745 2323319536.443
1465745 2323320560.606
1466745 2323321581.453
1467745 2323322606.199
1468745 2323323624.077
1469745 2323324635.359
1470745 2323325635.5
1471745 2323326635.5
1472745 2323327635.5
1473745 2323328635.5
1474745 2323329635.5
1475745 2323330635.5
1476745 2323331635.5
1477745 2323332635.5
1478745 2323333635.5
1479745 2323334635.5
1480745 2323335635.5
1481745 2323336635.5
1482745 2323337635.5
1483745 2323338635.5
1484745 2323339635.5
1485745 2323340635.5
1486745 2323341635.5
1487745 2323342635.5
1488745 2323343635.5
1489745 2323344635.5
1490745 2323345635.5
1491745 2323346635.5
1492745 2323347635.5
1493745 2323348635.5
1494745 2323349635.5
1495745 2323350635.5
1496745 2323351635.5
1497745 2323352635.5
1498745 2323353635.5
1499745 2323354635.5
1500745 2323355635.5
1501745 2323356635.5
1502745 2323357635.5
1503745 2323358635.5
1504745 2323359635.5
1505745 2323360635.5
1506745 2323361635.5
1507745 2323362635.5
1508745 2323363635.5
1509745 2323364635.5
1510745 2323365635.5
1511745 2323366635.5
1512745 2323367635.5
1513745 2323368635.5
1514745 2323369635.5
1515745 2323370635.5
1516745 2323371635.5
1517745 2323372635.5
1518745 2323373635.5
1519745 2323374635.5
1520745 2323375635.5
1521745 2323376635.5
1522745 2323377635.5
1523745 2323378635.5
1524745 2323379635.5
1525745 2323380635.5
1526745 2323381635.5
1527745 2323382635.5
1528745 2323383635.5
1529745 2323384635.5
1530745 2323385635.5
1531745 2323386635.5
1532745 2323387635.5
1533745 2323388635.5
1534745 2323389635.5
1535745 2323390635.5
1536745 2323391635.5
1537745 2323392635.5
1538745 2323393635.5
1539745 2323394635.5
1540745 2323395635.5
1541745 2323396635.5
1542745 2323397635.5
1543745 2323398635.5
1544745 2323399635.5
1545745 2323400635.5
1546745 2323401635.5
1547745 2323402635.5
1548745 2323403635.5
1549745 2323404635.5
1550745 2323405635.5
1551745 2323406635.5
1552745 2323407635.5
1553745 2323408635.5
1554745 2323409635.5
1555745 2323410635.5
1556745 2323411635.5
1557745 2323412635.5
1558745 2323413635.5
1559745 2323414635.5
1560745 2323415635.5
1561745 2323416635.5
1562745 2323417635.5
1563745 2323418635.5
1564745 2323419635.5
1565745 2323420635.5
1566745 2323421635.5
1567745 2323422635.5
1568745 2323423635.5
1569745 2323424635.5
1570745 2323425635.5
1571745 2323426635.5
1572745 2323427635.5
1573745 2323428635.5
1574745 2323429635.5
1575745 2323430635.5
1576745 2323431635.5
1577745 2323432635.5
1578745 2323433635.5
1579745 2323434635.5
1580745 2323435635.5
1581745 2323436635.5
1582745 2323437635.5
1583745 2323438635.5
1584745 2323439635.5
1585745 2323440635.5
1586745 2323441635.5
1587745 2323442635.5
1588745 2323443635.5
1589745 2323444635.5
1590745 2323445635.5
1591745 2323446635.5
1592745 2323447635.5
1593745 2323448635.5
1594745 2323449635.5
1595745 2323450635.5
1596745 2323451635.5
1597745 2323452635.5
1598745 2323453635.5
1599745 2323454635.5
1600745 2323455635.5
1601745 2323456635.5
1602745 2323457635.5
1603745 2323458635.5
1604745 2323459635.5
1605745 2323460635.5
1606745 2323461635.5
1607745 2323462635.5
1608745 2323463635.5
1609745 2323464635.5
1610745 2323465635.5
1611745 2323466635.5
1612745 2323467635.5
1613745 2323468635.5
1614745 2323469635.5
1615745 2323470635.5
1616745 2323471635.5
1617745 2323472635.5
1618745 2323473635.5
1619745 2323474635.5
1620745 2323475635.5
1621745 2323476635.5
1622745 2323477635.5
1623745 2323478635.5
1624745 2323479635.5
1625745 2323480635.5
1626745 2323481635.5
1627745 2323482635.5
1628745 2323483635.5
1629745 2323484635.5
1630745 2323485635.5
1631745 2323486635.5
1632745 2323487635.5
