128160 22224883.997
129160 63101249.352
130160 107222415.315
131160 152015336.273
132160 188461588.551
133160 225433408.245
134160 260095138.883
135160 294562439.037
136160 334326095.035
137160 377004867.976
138160 417577563.062
139160 455417285.371
140160 496975964.08
141160 537634326.272
142160 574961775.902
143160 610599678.754
144160 644555071.755
145160 676184589.825
146160 708010565.432
147160 737823731.493
148160 763705650.533
149160 791308982.322
150160 822335739.94
151160 855788565.627
152160 889177927.345
153160 920114299.019
154160 947304428.988
155160 972908713.873
156160 1000315303.233
157160 1026393264.124
158160 1051731834.832
159160 1077474190.911
160160 1104520461.548
161160 1132635861.162
162160 1160010832.595
163160 1188532608.886
164160 1217273865.764
165160 1247799442.244
166160 1277752852.069
167160 1305916066.691
168160 1335026513.563
169160 1364670573.571
170160 1394077542.926
171160 1422345331.286
172160 1449166315.215
173160 1474387391.175
174160 1498823089.32
175160 1523366435.273
176160 1548816180.751
177160 1574178280.951
178160 1600118800.357
179160 1624910028.827
180160 1648564253.648
181160 1672929944.747
182160 1694248932.648
183160 1714760870.467
184160 1737724698.239
185160 1761807171.653
186160 1783996918.11
187160 1805957505.067
188160 1828525725.083
189160 1851263178.484
190160 1873930529.983
191160 1894758195.806
192160 1916755291.906
193160 1939615789.088
194160 1962546835.654
195160 1983795411.433
196160 2005040383.965
197160 2024473743.931
198160 2044560856.185
199160 2063908965.976
200160 2083869795.781
201160 2105512801.336
202160 2125749767.162
203160 2146463890.63
204160 2165512495.238
205160 2184740360.263
206160 2202746509.693
207160 2219487135.096
208160 2238200848.244
209160 2256424126.935
210160 2273030871.584
211160 2288109682.901
212160 2302407016.372
213160 2316538744.525
214160 2328894330.278
215160 2340079331.363
216160 2355554630.124
217160 2371239913.338
218160 2388433364.776
219160 2404489484.37
220160 2419397293.916
221160 2434968501.429
222160 2449703583.485
223160 2464218329.849
224160 2477769914.555
225160 2490742200.495
226160 2503910415.264
227160 2516864988.505
228160 2530288419.782
229160 2542934276.804
230160 2554655990.192
231160 2566175432.701
232160 2576750868.898
233160 2588475367.797
234160 2599618287.946
235160 2611080050.2
236160 2622771625.086
237160 2633325231.173
238160 2643931540.933
239160 2655285149.46
240160 2664794210.28
241160 2675380139.054
242160 2687168004.035
243160 2697815033.179
244160 2709607965.953
245160 2720597148.169
246160 2731031442.576
247160 2741643509.601
248160 2753608010.277
249160 2765593410.964
250160 2777240731.738
251160 2789391042.44
252160 2801749090.585
253160 2813381614.871
254160 2825788008.358
255160 2837383815.601
256160 2847493249.196
257160 2856496459.742
258160 2866680394.337
259160 2875418883.93
260160 2884826603.833
261160 2893127361.955
262160 2902019012.185
263160 2911686791.877
264160 2922171979.268
265160 2932421847.681
266160 2942249446.698
267160 2952531817.632
268160 2963633539.592
269160 2974049275.078
270160 2983565451.166
271160 2993816949.406
272160 3004427848.416
273160 3015055388.236
274160 3025949753.28
275160 3037465558.334
276160 3049012650.944
277160 3059977108.042
278160 3070686811.986
279160 3082478520.354
280160 3093715404.044
281160 3104099941.537
282160 3114083341.355
283160 3124689237.578
284160 3135184613.531
285160 3145329453.133
286160 3155657034.012
287160 3167208776.813
288160 3178124611.626
289160 3187943808.644
290160 3197117517.823
291160 3207131240.146
292160 3217431797.177
293160 3227455430.683
294160 3237505878.822
295160 3246540273.435
296160 3255557746.821
297160 3264892372.819
298160 3273703059.09
299160 3282831300.862
300160 3290784747.472
301160 3299548915.803
302160 3308457305.537
303160 3316674583.991
304160 3325304589.765
305160 3334050814.632
306160 3341642429.47
307160 3348943096.89
308160 3356942077.015
309160 3365421663.258
310160 3372456809.081
311160 3380037883.366
312160 3388038764.566
313160 3396397940.055
314160 3405437133.502
315160 3412920702.501
316160 3420058152.906
317160 3427766075.165
318160 3435279109.641
319160 3442714971.092
320160 3450702367.364
321160 3459011406.201
322160 3467601307.477
323160 3474860669.431
324160 3481964928.566
325160 3489112605.482
326160 3495863168.337
327160 3502956685.013
328160 3509819445.551
329160 3516912178.205
330160 3523468665.032
331160 3529942248.51
332160 3536598099.476
333160 3542994149.176
334160 3549441896.199
335160 3555726663.25
336160 3562505821.971
337160 3568924397.039
338160 3575492935.48
339160 3582495814.447
340160 3589302743.161
341160 3596641471.47
342160 3604614567.347
343160 3611647340.28
344160 3619040898.301
345160 3626914070.91
346160 3634521992.616
347160 3641824443.518
348160 3648719782.546
349160 3655803093.493
350160 3662494808.76
351160 3669400651.693
352160 3676605641.39
353160 3683542179.025
354160 3690950512.217
355160 3698378633.754
356160 3705325529.275
357160 3712073580.321
358160 3719025760.604
359160 3725775001.633
360160 3732002491.876
361160 3738215352.482
362160 3744284010.525
363160 3750067526.545
364160 3756274128.783
365160 3762546468.978
366160 3768901922.781
367160 3775160636.113
368160 3782000114.467
369160 3788216417.656
370160 3794889596.723
371160 3801436558.7
372160 3807332250.309
373160 3813185873.867
374160 3819097559.602
375160 3824707991.903
376160 3830841163.9
377160 3837166363.497
378160 3843165056.431
379160 3849561758.047
380160 3855707387.172
381160 3861863084.87
382160 3867446992.918
383160 3873102426.953
384160 3878455469.48
385160 3884374967.974
386160 3890646528.771
387160 3896550062.235
388160 3901901800.035
389160 3907827884.86
390160 3913905156.603
391160 3920049379.751
392160 3925945272.88
393160 3931554236.423
394160 3936730960.143
395160 3941361264.224
396160 3945975888.904
397160 3950602184.404
398160 3955717314.386
399160 3960564715.298
400160 3965263271.038
401160 3970112392.852
402160 3974574247.965
403160 3979251187.999
404160 3984502786.833
405160 3989074580.988
406160 3993519819.478
407160 3998170022.907
408160 4002882986.31
409160 4007530261.693
410160 4011538802.963
411160 4015493534.474
412160 4019480003.669
413160 4023698064.339
414160 4028031923.725
415160 4032619158.868
416160 4036809506.801
417160 4040843651.803
418160 4044913372.18
419160 4049072456.948
420160 4053149571.976
421160 4057154418.226
422160 4061180211.896
423160 4065798258.935
424160 4069731014.606
425160 4073299140.993
426160 4077197987.224
427160 4080895201.345
428160 4085442997.309
429160 4090304657.497
430160 4094835621.064
431160 4098825047.148
432160 4102919097.82
433160 4106929434.395
434160 4111544466.925
435160 4116050418.107
436160 4120635960.774
437160 4125129284.928
438160 4129631872.793
439160 4134061338.612
440160 4138405376.469
441160 4142916773.855
442160 4147280657.169
443160 4151476303.862
444160 4155834962.379
445160 4159960321.693
446160 4163889132.771
447160 4168100671.89
448160 4171979134.538
449160 4175458536.678
450160 4178887461.249
451160 4182542628.647
452160 4185975416.903
453160 4189242351.746
454160 4192545072.778
455160 4195881490.897
456160 4199656040.687
457160 4203571598.429
458160 4207457849.003
459160 4210908147.585
460160 4214375429.759
461160 4217884325.006
462160 4220990321.643
463160 4224128076.426
464160 4226742182.33
465160 4229356374.687
466160 4232490334.2
467160 4235398088.352
468160 4238319284.278
469160 4241233908.645
470160 4244418957.509
471160 4247779483.482
472160 4250761636.583
473160 4253554641.651
474160 4256373817.629
475160 4259182851.92
476160 4262001345.696
477160 4264488893.669
478160 4267054695.538
479160 4269676484.056
480160 4272290304.331
481160 4274949432.468
482160 4277631196.447
483160 4280480386.891
484160 4283387704.211
485160 4286112351.299
486160 4288709044.765
487160 4291132460.418
488160 4293612237.162
489160 4296323329.464
490160 4298792013.801
491160 4301355947.811
492160 4304306774.334
493160 4307398053.656
494160 4310319934.634
495160 4313122625.315
496160 4315846407.075
497160 4318326192.057
498160 4320781121.463
499160 4323437662.0
500160 4325895233.603
501160 4328297658.018
502160 4330867383.607
503160 4333615828.008
504160 4336250842.337
505160 4338763809.908
506160 4341244377.737
507160 4343745727.64
508160 4346242631.283
509160 4348676915.848
510160 4351188770.547
511160 4353768731.613
512160 4356108337.175
513160 4358214145.896
514160 4360552707.307
515160 4363040006.693
516160 4365338514.585
517160 4367804507.013
518160 4370155398.459
519160 4372383066.828
520160 4374922389.211
521160 4377319843.193
522160 4379948233.502
523160 4382273822.771
524160 4384633731.578
525160 4387024134.74
526160 4389367551.435
527160 4391697344.345
528160 4394056678.149
529160 4396492801.775
530160 4398603109.593
531160 4400811314.41
532160 4403039620.711
533160 4405158705.657
534160 4407286302.278
535160 4409546438.455
536160 4411612091.761
537160 4413622178.499
538160 4415520514.726
539160 4417342457.034
540160 4419319597.822
541160 4421196708.484
542160 4422902682.988
543160 4424608930.715
544160 4426293794.942
545160 4427787590.205
546160 4429226260.085
547160 4430894429.43
548160 4432922658.13
549160 4434802518.116
550160 4436678485.35
551160 4438816161.919
552160 4440897927.805
553160 4442736471.95
554160 4444481529.841
555160 4446184034.577
556160 4448110405.46
557160 4449918872.612
558160 4451752158.685
559160 4453650238.239
560160 4455724844.423
561160 4457598364.248
562160 4459284814.086
563160 4460979425.89
564160 4462714677.372
565160 4464489219.678
566160 4466300565.491
567160 4468102972.284
568160 4469732350.605
569160 4471405043.769
570160 4473038731.534
571160 4474794791.25
572160 4476677039.039
573160 4478448370.049
574160 4480139732.637
575160 4481860995.651
576160 4483566334.461
577160 4485198979.774
578160 4486787067.356
579160 4488242635.433
580160 4489728329.609
581160 4491435626.024
582160 4492942011.337
583160 4494364242.579
584160 4495738230.242
585160 4497150631.331
586160 4498617005.935
587160 4500122607.282
588160 4501549892.942
589160 4503054057.563
590160 4504531479.651
591160 4505909007.651
592160 4507248060.861
593160 4508649578.389
594160 4510105006.917
595160 4511402884.474
596160 4512780299.178
597160 4514289100.706
598160 4515749754.493
599160 4517160455.326
600160 4518590653.921
601160 4519996003.282
602160 4521490895.252
603160 4522846422.456
604160 4524111311.541
605160 4525378003.807
606160 4526714302.429
607160 4528017715.292
608160 4529304389.087
609160 4530527936.622
610160 4531886868.84
611160 4533332474.354
612160 4534896197.259
613160 4536197638.702
614160 4537509893.62
615160 4538823239.196
616160 4540309903.958
617160 4541698806.499
618160 4542916672.478
619160 4544107510.638
620160 4545257675.244
621160 4546297756.457
622160 4547219621.409
623160 4548295470.104
624160 4549396980.79
625160 4550488353.156
626160 4551840754.28
627160 4553298188.565
628160 4554751062.621
629160 4556163027.681
630160 4557319225.517
631160 4558290107.905
632160 4559230242.91
633160 4560380791.676
634160 4561531576.96
635160 4562743058.558
636160 4563843528.531
637160 4564885540.272
638160 4565791441.573
639160 4566870925.97
640160 4567902534.417
641160 4568906603.768
642160 4570149870.786
643160 4571328011.499
644160 4572404210.475
645160 4573471516.858
646160 4574544706.298
647160 4575618949.437
648160 4576598803.623
649160 4577471653.904
650160 4578466846.328
651160 4579492341.479
652160 4580582983.247
653160 4581495634.184
654160 4582411238.644
655160 4583392460.997
656160 4584352196.551
657160 4585419040.723
658160 4586272477.972
659160 4587345331.414
660160 4588432424.558
661160 4589574706.553
662160 4590547875.991
663160 4591590532.251
664160 4592644312.181
665160 4593611324.178
666160 4594539889.603
667160 4595546172.031
668160 4596460600.635
669160 4597306884.288
670160 4598161211.052
671160 4599113674.447
672160 4600089373.448
673160 4600895147.566
674160 4601710503.954
675160 4602523819.169
676160 4603384354.577
677160 4604330458.099
678160 4605264793.505
679160 4606208334.6
680160 4607140557.39
681160 4607999990.871
682160 4608830724.324
683160 4609594088.648
684160 4610444830.423
685160 4611181408.857
686160 4612026036.481
687160 4612922733.191
688160 4613609411.519
689160 4614275878.435
690160 4615006763.26
691160 4615729545.638
692160 4616372199.833
693160 4616988298.218
694160 4617567807.945
695160 4618241436.435
696160 4618954220.558
697160 4619610739.578
698160 4620302790.185
699160 4620897921.995
700160 4621575652.197
701160 4622334576.799
702160 4623019921.531
703160 4623608674.037
704160 4624319699.214
705160 4624949018.239
706160 4625589610.958
707160 4626256363.684
708160 4627045789.181
709160 4627921836.317
710160 4628757865.598
711160 4629434481.014
712160 4629996046.874
713160 4630602592.499
714160 4631221168.429
715160 4631813123.125
716160 4632439182.028
717160 4633140954.566
718160 4633752376.005
719160 4634411746.25
720160 4635168951.829
721160 4635829559.053
722160 4636432119.771
723160 4637127846.741
724160 4637839359.265
725160 4638556200.528
726160 4639191114.663
727160 4639849335.945
728160 4640494553.077
729160 4641048534.028
730160 4641606488.057
731160 4642140601.604
732160 4642690992.894
733160 4643291935.799
734160 4643928538.581
735160 4644432459.442
736160 4644861572.938
737160 4645330802.121
738160 4645855812.836
739160 4646394852.924
740160 4646876453.909
741160 4647316670.983
742160 4647816036.515
743160 4648426614.912
744160 4648992496.356
745160 4649444384.243
746160 4649904953.812
747160 4650384093.204
748160 4650894312.739
749160 4651445132.0
750160 4651978125.864
751160 4652476270.62
752160 4652914499.943
753160 4653360220.721
754160 4653799712.506
755160 4654287084.863
756160 4654725671.02
757160 4655124023.698
758160 4655543312.969
759160 4656002130.346
760160 4656437189.804
761160 4656780633.984
762160 4657188974.086
763160 4657661265.044
764160 4658107038.203
765160 4658522014.693
766160 4658966287.029
767160 4659436560.811
768160 4659872804.813
769160 4660293997.256
770160 4660681645.416
771160 4661074074.64
772160 4661458838.688
773160 4661848777.43
774160 4662276024.085
775160 4662625856.114
776160 4663045528.863
777160 4663491670.212
778160 4663944766.679
779160 4664346207.571
780160 4664676708.636
781160 4664988639.412
782160 4665308038.976
783160 4665630745.011
784160 4665915995.535
785160 4666165678.679
786160 4666456077.53
787160 4666747384.619
788160 4667046157.701
789160 4667370759.5
790160 4667703490.934
791160 4668024374.916
792160 4668311046.401
793160 4668575839.566
794160 4668835609.869
795160 4669125550.631
796160 4669385092.035
797160 4669666739.83
798160 4669924874.39
799160 4670173370.816
800160 4670412430.162
801160 4670664537.293
802160 4670902004.163
803160 4671175552.06
804160 4671436710.814
805160 4671685993.197
806160 4671941611.022
807160 4672198111.131
808160 4672429566.362
809160 4672677104.46
810160 4672927767.292
811160 4673173605.985
812160 4673487241.092
813160 4673771494.832
814160 4673987129.373
815160 4674215899.365
816160 4674452924.34
817160 4674748670.614
818160 4675035339.445
819160 4675317600.223
820160 4675588442.78
821160 4675789933.882
822160 4676004119.687
823160 4676274853.75
824160 4676578211.546
825160 4676877247.928
826160 4677171590.827
827160 4677413626.561
828160 4677698759.579
829160 4677928876.636
830160 4678141950.708
831160 4678388015.323
832160 4678656188.123
833160 4678928834.855
834160 4679156902.246
835160 4679352375.374
836160 4679547306.614
837160 4679734196.13
838160 4679908734.151
839160 4680078729.882
840160 4680291383.183
841160 4680523033.333
842160 4680760660.922
843160 4680942943.154
844160 4681122759.995
845160 4681340808.141
846160 4681552444.68
847160 4681746177.72
848160 4681930083.885
849160 4682105124.693
850160 4682292051.061
851160 4682537366.201
852160 4682790506.614
853160 4682976508.623
854160 4683183179.707
855160 4683395826.238
856160 4683584619.696
857160 4683765847.773
858160 4683919187.076
859160 4684082967.501
860160 4684242532.053
861160 4684396408.648
862160 4684545177.187
863160 4684707548.511
864160 4684896480.285
865160 4685085421.436
866160 4685281462.603
867160 4685474096.566
868160 4685646973.552
869160 4685824740.832
870160 4685977238.812
871160 4686121595.246
872160 4686252548.101
873160 4686417553.543
874160 4686620644.756
875160 4686797580.143
876160 4686968521.666
877160 4687141554.677
878160 4687339469.739
879160 4687545581.668
880160 4687728743.0
881160 4687876331.438
882160 4688031090.096
883160 4688212525.821
884160 4688380187.588
885160 4688534790.586
886160 4688696286.499
887160 4688860390.293
888160 4689069111.632
889160 4689257824.688
890160 4689423370.894
891160 4689574399.089
892160 4689726832.405
893160 4689883428.414
894160 4690089105.932
895160 4690298342.764
896160 4690499644.789
897160 4690667169.354
898160 4690874170.871
899160 4691040534.211
900160 4691237651.57
901160 4691453114.484
902160 4691646630.144
903160 4691814412.729
904160 4691976608.769
905160 4692120105.231
906160 4692234392.826
907160 4692357754.914
908160 4692489314.713
909160 4692622010.557
910160 4692775424.611
911160 4692896785.199
912160 4693030371.871
913160 4693149974.111
914160 4693302009.607
915160 4693478752.001
916160 4693649063.721
917160 4693804342.106
918160 4693948543.383
919160 4694116204.333
920160 4694245867.053
921160 4694385014.665
922160 4694556471.608
923160 4694720741.818
924160 4694873684.43
925160 4694997834.438
926160 4695103967.374
927160 4695219507.719
928160 4695337280.294
929160 4695443543.04
930160 4695571749.272
931160 4695697046.107
932160 4695828629.425
933160 4695979191.846
934160 4696109141.168
935160 4696228568.291
936160 4696374223.586
937160 4696537659.952
938160 4696674809.64
939160 4696818344.706
940160 4696958135.002
941160 4697075069.734
942160 4697197285.193
943160 4697312073.042
944160 4697410860.192
945160 4697531306.117
946160 4697658902.206
947160 4697768906.483
948160 4697883512.27
949160 4698000209.817
950160 4698131260.737
951160 4698250535.647
952160 4698350771.319
953160 4698461447.98
954160 4698570488.022
955160 4698679539.66
956160 4698785614.09
957160 4698913923.231
958160 4699030722.408
959160 4699128703.898
960160 4699228610.329
961160 4699352252.48
962160 4699440534.432
963160 4699528215.749
964160 4699630328.519
965160 4699713394.877
966160 4699789086.767
967160 4699871030.597
968160 4699951010.338
969160 4700039381.446
970160 4700140098.981
971160 4700221559.204
972160 4700304284.326
973160 4700379998.937
974160 4700457466.595
975160 4700548295.654
976160 4700633940.694
977160 4700726956.516
978160 4700810800.63
979160 4700896586.505
980160 4700970539.619
981160 4701040765.311
982160 4701106596.355
983160 4701197130.135
984160 4701279656.825
985160 4701353412.293
986160 4701447676.233
987160 4701536034.313
988160 4701624698.31
989160 4701702727.516
990160 4701778431.476
991160 4701857346.533
992160 4701936898.469
993160 4702010316.264
994160 4702093092.974
995160 4702168383.846
996160 4702246114.355
997160 4702334849.141
998160 4702426175.905
999160 4702495407.846
1000160 4702553461.012
1001160 4702623538.985
1002160 4702695034.93
1003160 4702752383.213
1004160 4702789574.693
1005160 4702836300.23
1006160 4702887103.499
1007160 4702949737.619
1008160 4703010242.54
1009160 4703063142.2
1010160 4703124197.219
1011160 4703186236.523
1012160 4703254855.591
1013160 4703318739.13
1014160 4703384588.74
1015160 4703453343.955
1016160 4703516960.829
1017160 4703578447.58
1018160 4703642810.863
1019160 4703703050.017
1020160 4703762345.241
1021160 4703836661.48
1022160 4703917102.558
1023160 4703978245.435
1024160 4704043698.866
1025160 4704129419.809
1026160 4704209629.437
1027160 4704282301.989
1028160 4704339359.845
1029160 4704403585.205
1030160 4704454225.851
1031160 4704503560.828
1032160 4704558701.785
1033160 4704617993.545
1034160 4704668456.113
1035160 4704734174.063
1036160 4704828446.07
1037160 4704901848.59
1038160 4704960133.332
1039160 4705020682.669
1040160 4705070267.345
1041160 4705118261.5
1042160 4705189457.112
1043160 4705249961.756
1044160 4705301065.472
1045160 4705352121.693
1046160 4705398325.109
1047160 4705446406.961
1048160 4705488514.869
1049160 4705537529.216
1050160 4705585735.165
1051160 4705629524.842
1052160 4705677733.833
1053160 4705736604.641
1054160 4705783160.065
1055160 4705832189.704
1056160 4705883510.405
1057160 4705936097.421
1058160 4705990291.134
1059160 4706042318.807
1060160 4706092382.345
1061160 4706132061.194
1062160 4706167792.527
1063160 4706216276.951
1064160 4706273011.952
1065160 4706322880.268
1066160 4706364884.3
1067160 4706406901.983
1068160 4706454801.471
1069160 4706520392.401
1070160 4706575702.581
1071160 4706635668.386
1072160 4706682724.047
1073160 4706727281.155
1074160 4706778414.023
1075160 4706834528.897
1076160 4706882345.446
1077160 4706924007.126
1078160 4706968360.136
1079160 4707005994.882
1080160 4707041101.718
1081160 4707072436.377
1082160 4707103305.954
1083160 4707144436.845
1084160 4707176133.586
1085160 4707203949.33
1086160 4707239735.664
1087160 4707280787.426
1088160 4707318388.448
1089160 4707356808.624
1090160 4707388649.947
1091160 4707419078.294
1092160 4707448310.459
1093160 4707485834.749
1094160 4707518671.764
1095160 4707554314.545
1096160 4707589575.58
1097160 4707627771.902
1098160 4707669710.821
1099160 4707715360.478
1100160 4707757282.949
1101160 4707796519.774
1102160 4707845184.385
1103160 4707888607.904
1104160 4707921275.217
1105160 4707957528.475
1106160 4707994388.394
1107160 4708032924.817
1108160 4708073476.028
1109160 4708113736.412
1110160 4708151811.152
1111160 4708190502.815
1112160 4708224992.26
1113160 4708260364.74
1114160 4708310644.582
1115160 4708357634.658
1116160 4708392510.376
1117160 4708428469.409
1118160 4708466994.882
1119160 4708509740.324
1120160 4708544054.786
1121160 4708571239.9
1122160 4708596999.823
1123160 4708617926.566
1124160 4708640993.787
1125160 4708660001.14
1126160 4708676113.094
1127160 4708699204.786
1128160 4708720984.748
1129160 4708738368.844
1130160 4708756294.102
1131160 4708780030.078
1132160 4708817055.335
1133160 4708843767.34
1134160 4708865853.466
1135160 4708892581.387
1136160 4708919163.162
1137160 4708949254.641
1138160 4708981247.539
1139160 4709005670.943
1140160 4709025790.438
1141160 4709046870.65
1142160 4709072151.829
1143160 4709091185.486
1144160 4709108563.433
1145160 4709122126.07
1146160 4709139884.476
1147160 4709160461.598
1148160 4709182264.482
1149160 4709204137.554
1150160 4709223737.217
1151160 4709245245.369
1152160 4709264163.491
1153160 4709285009.509
1154160 4709304655.352
1155160 4709330855.419
1156160 4709359218.701
1157160 4709380966.805
1158160 4709403538.239
1159160 4709434139.348
1160160 4709459113.05
1161160 4709479042.816
1162160 4709498929.294
1163160 4709519881.589
1164160 4709542613.854
1165160 4709566123.165
1166160 4709586789.547
1167160 4709604491.353
1168160 4709621143.374
1169160 4709636414.905
1170160 4709655502.936
1171160 4709669708.902
1172160 4709687655.999
1173160 4709714129.212
1174160 4709736916.812
1175160 4709754922.82
1176160 4709773106.917
1177160 4709791819.568
1178160 4709809985.963
1179160 4709827124.129
1180160 4709847540.317
1181160 4709866094.983
1182160 4709882016.614
1183160 4709897252.759
1184160 4709910279.696
1185160 4709921660.181
1186160 4709934054.557
1187160 4709945217.139
1188160 4709958036.158
1189160 4709973478.369
1190160 4709989378.404
1191160 4710007603.048
1192160 4710022419.767
1193160 4710036580.283
1194160 4710050268.638
1195160 4710064722.81
1196160 4710082920.395
1197160 4710097004.92
1198160 4710110230.913
1199160 4710122307.385
1200160 4710133265.447
1201160 4710145199.645
1202160 4710157241.612
1203160 4710173245.144
1204160 4710188842.596
1205160 4710203159.125
1206160 4710216522.098
1207160 4710228620.176
1208160 4710238703.555
1209160 4710251505.214
1210160 4710266719.959
1211160 4710279555.68
1212160 4710290909.614
1213160 4710301519.32
1214160 4710315933.281
1215160 4710328495.262
1216160 4710340652.041
1217160 4710350380.651
1218160 4710361432.529
1219160 4710372169.815
1220160 4710383275.793
1221160 4710394474.267
1222160 4710404636.251
1223160 4710417804.149
1224160 4710428288.427
1225160 4710438921.723
1226160 4710449060.249
1227160 4710458839.338
1228160 4710468829.119
1229160 4710479396.933
1230160 4710488519.425
1231160 4710498944.796
1232160 4710511607.38
1233160 4710520944.183
1234160 4710529585.6
1235160 4710539540.398
1236160 4710550101.167
1237160 4710558180.747
1238160 4710568327.041
1239160 4710575666.727
1240160 4710583908.379
1241160 4710591080.033
1242160 4710597998.513
1243160 4710606506.291
1244160 4710615826.355
1245160 4710625388.881
1246160 4710636109.622
1247160 4710645359.194
1248160 4710653556.592
1249160 4710663909.906
1250160 4710673716.481
1251160 4710683583.223
1252160 4710699216.128
1253160 4710714350.65
1254160 4710727977.111
1255160 4710739910.837
1256160 4710750144.394
1257160 4710759399.9
1258160 4710767924.694
1259160 4710776496.435
1260160 4710785029.049
1261160 4710792538.625
1262160 4710799287.837
1263160 4710810983.372
1264160 4710825236.517
1265160 4710835706.436
1266160 4710850956.511
1267160 4710861043.211
1268160 4710868678.439
1269160 4710875772.139
1270160 4710882272.378
1271160 4710889703.705
1272160 4710898654.799
1273160 4710908278.175
1274160 4710915837.849
1275160 4710923006.031
1276160 4710928145.244
1277160 4710933363.171
1278160 4710940932.642
1279160 4710948065.819
1280160 4710953059.366
1281160 4710959031.125
1282160 4710965791.641
1283160 4710972029.867
1284160 4710978117.497
1285160 4710984779.489
1286160 4710991797.971
1287160 4710999734.015
1288160 4711005901.3
1289160 4711012164.078
1290160 4711016726.36
1291160 4711022642.528
1292160 4711028704.282
1293160 4711034773.245
1294160 4711040542.648
1295160 4711047005.138
1296160 4711051299.535
1297160 4711055705.794
1298160 4711060692.306
1299160 4711066522.136
1300160 4711072192.53
1301160 4711077964.55
1302160 4711085241.147
1303160 4711091733.066
1304160 4711097379.048
1305160 4711101957.233
1306160 4711107008.326
1307160 4711111397.731
1308160 4711116415.583
1309160 4711122290.013
1310160 4711127369.706
1311160 4711133037.582
1312160 4711138011.343
1313160 4711141416.454
1314160 4711145414.431
1315160 4711150693.029
1316160 4711155206.975
1317160 4711159658.456
1318160 4711164509.161
1319160 4711169411.375
1320160 4711174493.905
1321160 4711178888.228
1322160 4711183131.959
1323160 4711187902.747
1324160 4711192810.667
1325160 4711198073.576
1326160 4711201859.217
1327160 4711205930.42
1328160 4711210832.04
1329160 4711215091.053
1330160 4711219500.058
1331160 4711223456.343
1332160 4711227455.155
1333160 4711231726.55
1334160 4711235759.484
1335160 4711239401.672
1336160 4711243585.043
1337160 4711247871.875
1338160 4711252339.16
1339160 4711256455.719
1340160 4711260349.117
1341160 4711265357.162
1342160 4711269681.259
1343160 4711273657.238
1344160 4711277807.189
1345160 4711281494.132
1346160 4711285169.294
1347160 4711290036.026
1348160 4711294299.286
1349160 4711298509.294
1350160 4711301912.423
1351160 4711305188.933
1352160 4711308466.037
1353160 4711311478.834
1354160 4711314811.471
1355160 4711318378.788
1356160 4711321945.251
1357160 4711325731.744
1358160 4711329038.957
1359160 4711333107.364
1360160 4711335992.39
1361160 4711338619.814
1362160 4711341920.05
1363160 4711345698.687
1364160 4711349305.817
1365160 4711353678.894
1366160 4711357098.353
1367160 4711361252.413
1368160 4711364754.096
1369160 4711368085.272
1370160 4711371361.429
1371160 4711374848.006
1372160 4711377908.088
1373160 4711381109.045
1374160 4711384969.047
1375160 4711388522.95
1376160 4711391694.131
1377160 4711394377.525
1378160 4711396359.208
1379160 4711398624.136
1380160 4711401300.17
1381160 4711404215.73
1382160 4711406913.66
1383160 4711409608.048
1384160 4711412206.652
1385160 4711414579.259
1386160 4711417481.305
1387160 4711420001.799
1388160 4711422781.341
1389160 4711425143.426
1390160 4711427686.81
1391160 4711430031.586
1392160 4711432852.204
1393160 4711435717.902
1394160 4711438593.23
1395160 4711440983.987
1396160 4711443551.364
1397160 4711445921.251
1398160 4711448402.935
1399160 4711451079.923
1400160 4711453806.08
1401160 4711456366.284
1402160 4711459255.999
1403160 4711461982.865
1404160 4711464524.889
1405160 4711467538.891
1406160 4711470082.406
1407160 4711473055.383
1408160 4711475633.542
1409160 4711477470.026
1410160 4711479782.899
1411160 4711482551.269
1412160 4711485463.773
1413160 4711488149.628
1414160 4711490819.668
1415160 4711492931.366
1416160 4711495507.946
1417160 4711498182.182
1418160 4711501253.022
1419160 4711503572.459
1420160 4711506066.852
1421160 4711508607.299
1422160 4711511257.604
1423160 4711513885.931
1424160 4711516103.519
1425160 4711518503.408
1426160 4711521014.189
1427160 4711523819.123
1428160 4711525952.116
1429160 4711528254.814
1430160 4711530491.802
1431160 4711532911.754
1432160 4711535137.556
1433160 4711537514.068
1434160 4711539664.61
1435160 4711541761.744
1436160 4711543948.667
1437160 4711546198.552
1438160 4711548015.425
1439160 4711549872.226
1440160 4711552256.769
1441160 4711554591.972
1442160 4711556593.309
1443160 4711558927.223
1444160 4711560883.362
1445160 4711562736.487
1446160 4711564488.938
1447160 4711566249.93
1448160 4711568151.928
1449160 4711569937.675
1450160 4711571812.252
1451160 4711573814.453
1452160 4711575692.626
1453160 4711577760.636
1454160 4711579652.112
1455160 4711581419.899
1456160 4711583308.306
1457160 4711585206.896
1458160 4711587086.319
1459160 4711588942.738
1460160 4711590923.23
1461160 4711592695.345
1462160 4711594302.11
1463160 4711595992.891
1464160 4711597688.104
1465160 4711599664.604
1466160 4711601380.761
1467160 4711602915.447
1468160 4711604760.841
1469160 4711606707.209
1470160 4711608427.364
1471160 4711610191.286
1472160 4711611930.932
1473160 4711613616.855
1474160 4711615263.16
1475160 4711616892.775
1476160 4711618651.694
1477160 4711620365.391
1478160 4711622058.472
1479160 4711623793.02
1480160 4711625317.819
1481160 4711626964.173
1482160 4711628559.681
1483160 4711630222.738
1484160 4711631912.48
1485160 4711633623.055
1486160 4711635070.171
1487160 4711636541.451
1488160 4711638110.848
1489160 4711639579.95
1490160 4711641022.734
1491160 4711642620.356
1492160 4711644458.087
1493160 4711645905.332
1494160 4711647400.415
1495160 4711648834.743
1496160 4711650354.393
1497160 4711651777.379
1498160 4711653271.177
1499160 4711654654.028
1500160 4711656078.006
1501160 4711657456.578
1502160 4711658826.979
1503160 4711660152.8
1504160 4711661587.073
1505160 4711662976.137
1506160 4711664358.514
1507160 4711665728.165
1508160 4711667136.833
1509160 4711668557.151
1510160 4711669957.347
1511160 4711671403.047
1512160 4711672749.088
1513160 4711674172.656
1514160 4711675642.842
1515160 4711677128.837
1516160 4711678568.733
1517160 4711679982.546
1518160 4711681430.81
1519160 4711682831.715
1520160 4711684188.01
1521160 4711685626.665
1522160 4711687073.014
1523160 4711688550.147
1524160 4711689879.849
1525160 4711691193.149
1526160 4711692525.986
1527160 4711693826.489
1528160 4711695193.166
1529160 4711696492.306
1530160 4711697825.057
1531160 4711699104.467
1532160 4711700450.254
1533160 4711701808.352
1534160 4711703117.124
1535160 4711704445.981
1536160 4711705800.987
1537160 4711707095.946
1538160 4711708457.504
1539160 4711709802.069
1540160 4711711113.599
1541160 4711712430.527
1542160 4711713699.601
1543160 4711714966.718
1544160 4711716239.047
1545160 4711717592.37
1546160 4711718836.553
1547160 4711720129.591
1548160 4711721423.08
1549160 4711722718.175
1550160 4711724066.822
1551160 4711725353.675
1552160 4711726679.498
1553160 4711727986.506
1554160 4711729238.926
1555160 4711730465.24
1556160 4711731758.122
1557160 4711733014.166
1558160 4711734280.766
1559160 4711735490.297
1560160 4711736736.95
1561160 4711737938.753
1562160 4711739169.287
1563160 4711740417.844
1564160 4711741657.836
1565160 4711742901.708
1566160 4711744150.176
1567160 4711745360.508
1568160 4711746643.305
1569160 4711747937.561
1570160 4711749159.105
1571160 4711750316.403
1572160 4711751505.68
1573160 4711752669.821
1574160 4711753851.079
1575160 4711755072.86
1576160 4711756305.044
1577160 4711757488.454
1578160 4711758708.229
1579160 4711759932.865
1580160 4711761112.368
1581160 4711762282.041
1582160 4711763447.938
1583160 4711764604.708
1584160 4711765804.956
1585160 4711766967.153
1586160 4711768147.085
1587160 4711769345.722
1588160 4711770523.791
1589160 4711771700.5
1590160 4711772887.412
1591160 4711774032.752
1592160 4711775215.968
1593160 4711776405.697
1594160 4711777580.127
1595160 4711778747.053
1596160 4711779896.902
1597160 4711781050.303
1598160 4711782200.409
1599160 4711783347.206
1600160 4711784481.487
1601160 4711785644.41
1602160 4711786794.99
1603160 4711787938.537
1604160 4711789081.163
1605160 4711790244.232
1606160 4711791391.404
1607160 4711792540.135
1608160 4711793644.659
1609160 4711794754.924
1610160 4711795883.66
1611160 4711797025.318
1612160 4711798174.512
1613160 4711799306.498
1614160 4711800424.35
1615160 4711801561.09
1616160 4711802716.75
1617160 4711803869.618
1618160 4711804988.343
1619160 4711806125.559
1620160 4711807264.951
1621160 4711808385.046
1622160 4711809524.801
1623160 4711810669.272
1624160 4711811787.027
1625160 4711812920.059
1626160 4711814038.262
1627160 4711815145.193
1628160 4711816263.126
1629160 4711817414.279
1630160 4711818535.018
1631160 4711819914.664
1632160 4711821261.973
