4250 37893668.884
5250 86085199.343
6250 115059090.029
7250 136356754.646
8250 151220157.002
9250 162160283.324
10250 171294495.812
11250 178570212.749
12250 184353134.296
13250 189173109.097
14250 193012147.472
15250 196182544.786
16250 198929891.61
17250 201314833.254
18250 203385636.32
19250 205287134.078
20250 206904989.996
21250 208401990.996
22250 209772671.63
23250 210990564.049
24250 212063877.121
25250 213018427.334
26250 213907378.653
27250 214737493.019
28250 215476390.512
29250 216140059.745
30250 216781455.461
31250 217361585.14
32250 217895746.459
33250 218411329.064
34250 218877438.893
35250 219317365.263
36250 219717157.881
37250 220105422.954
38250 220492052.014
39250 220856982.001
40250 221206617.519
41250 221520506.091
42250 221812778.138
43250 222095288.943
44250 222347751.957
45250 222593311.983
46250 222841677.151
47250 223069991.654
48250 223292110.487
49250 223500724.399
50250 223700596.727
51250 223878946.66
52250 224031231.757
53250 224160315.457
54250 224273112.626
55250 224385706.129
56250 224495991.425
57250 224607093.397
58250 224700668.295
59250 224797239.239
60250 224893741.824
61250 224986186.241
62250 225072218.461
63250 225156588.491
64250 225244289.428
65250 225328673.635
66250 225407486.113
67250 225479570.89
68250 225552625.156
69250 225628302.908
70250 225706574.889
71250 225784196.628
72250 225853048.04
73250 225921663.459
74250 225989647.95
75250 226054020.698
76250 226117322.896
77250 226181385.537
78250 226240806.428
79250 226298708.319
80250 226360632.049
81250 226420999.698
82250 226477838.167
83250 226531869.522
84250 226586346.767
85250 226640441.141
86250 226694225.327
87250 226751212.339
88250 226805602.564
89250 226855523.358
90250 226904584.088
91250 226956013.144
92250 227008643.958
93250 227055599.447
94250 227105137.181
95250 227151719.999
96250 227198151.501
97250 227242405.03
98250 227286868.869
99250 227331347.086
100250 227374772.442
101250 227418476.398
102250 227458749.131
103250 227501305.571
104250 227545636.424
105250 227586761.852
106250 227627522.39
107250 227668344.785
108250 227712942.493
109250 227753616.177
110250 227793610.94
111250 227836241.346
112250 227874880.801
113250 227911799.275
114250 227948625.899
115250 227988367.55
116250 228028328.402
117250 228062437.651
118250 228098506.391
119250 228134298.67
120250 228169164.207
121250 228202569.165
122250 228237530.41
123250 228269993.894
124250 228305484.381
125250 228337860.479
126250 228369641.932
127250 228401672.224
128250 228432717.471
129250 228465149.743
130250 228494350.783
131250 228522263.719
132250 228549761.984
133250 228579459.95
134250 228607604.819
135250 228635631.477
136250 228663558.385
137250 228690780.022
138250 228718523.438
139250 228745345.831
140250 228770419.954
141250 228795130.535
142250 228819580.066
143250 228843536.387
144250 228867207.063
145250 228890953.981
146250 228916863.372
147250 228941104.238
148250 228964255.968
149250 228988140.272
150250 229010753.749
151250 229033561.917
152250 229055336.732
153250 229077263.443
154250 229098536.586
155250 229119340.232
156250 229139561.362
157250 229159288.609
158250 229179862.896
159250 229200234.999
160250 229219968.843
161250 229240514.889
162250 229261439.853
163250 229281992.825
164250 229301492.14
165250 229320421.675
166250 229338441.976
167250 229356930.375
168250 229375342.862
169250 229394518.503
170250 229413673.269
171250 229432407.821
172250 229449648.889
173250 229466896.48
174250 229483732.336
175250 229500135.057
176250 229517333.013
177250 229534695.023
178250 229550478.442
179250 229567226.051
180250 229583328.872
181250 229599355.77
182250 229616493.597
183250 229632952.702
184250 229649077.574
185250 229663829.78
186250 229678728.226
187250 229693582.129
188250 229708386.036
189250 229724038.117
190250 229738860.144
191250 229754102.858
192250 229769712.283
193250 229784159.126
194250 229798672.266
195250 229813331.9
196250 229827315.802
197250 229840852.174
198250 229854238.881
199250 229867967.514
200250 229881544.005
201250 229895202.003
202250 229907641.853
203250 229921453.032
204250 229934931.833
205250 229948427.92
206250 229961145.713
207250 229973455.314
208250 229986016.787
209250 229997684.752
210250 230009296.028
211250 230020716.308
212250 230033025.555
213250 230045117.606
214250 230057357.605
215250 230069093.322
216250 230080410.966
217250 230091962.362
218250 230104684.895
219250 230116490.965
220250 230127952.218
221250 230139893.633
222250 230150847.643
223250 230161633.632
224250 230172290.031
225250 230182870.603
226250 230193628.691
227250 230203758.281
228250 230213899.155
229250 230224555.479
230250 230235258.792
231250 230245553.738
232250 230255871.271
233250 230265873.694
234250 230275885.588
235250 230286084.287
236250 230295611.468
237250 230305565.596
238250 230315894.424
239250 230325642.922
240250 230335127.012
241250 230344518.253
242250 230353932.049
243250 230363389.831
244250 230372680.881
245250 230382175.676
246250 230391579.46
247250 230400556.317
248250 230409685.044
249250 230418408.075
250250 230427504.099
251250 230436085.504
252250 230444783.664
253250 230453701.395
254250 230462492.391
255250 230471133.803
256250 230479760.873
257250 230487835.881
258250 230495842.386
259250 230503604.859
260250 230511642.587
261250 230519863.68
262250 230527875.976
263250 230536009.671
264250 230544213.901
265250 230552036.899
266250 230559567.287
267250 230567215.12
268250 230574705.516
269250 230582290.906
270250 230589510.678
271250 230596474.202
272250 230603682.703
273250 230611223.105
274250 230618932.729
275250 230626236.118
276250 230633794.632
277250 230641107.889
278250 230648306.111
279250 230655260.167
280250 230662207.417
281250 230669388.52
282250 230676572.758
283250 230683687.773
284250 230690087.714
285250 230696923.857
286250 230703635.747
287250 230710436.145
288250 230716993.107
289250 230723770.402
290250 230730934.069
291250 230737932.358
292250 230745225.873
293250 230751899.994
294250 230757990.73
295250 230764693.336
296250 230771882.394
297250 230778469.263
298250 230785158.627
299250 230791462.699
300250 230798133.898
301250 230804765.97
302250 230811617.204
303250 230818019.915
304250 230824559.782
305250 230830958.988
306250 230836978.495
307250 230843041.08
308250 230848827.937
309250 230854774.921
310250 230861037.472
311250 230867310.426
312250 230873250.91
313250 230879530.976
314250 230885219.534
315250 230891148.906
316250 230897086.0
317250 230902805.761
318250 230909030.343
319250 230915125.406
320250 230921270.944
321250 230927152.906
322250 230932857.485
323250 230938498.51
324250 230944484.236
325250 230950277.25
326250 230956089.721
327250 230961775.948
328250 230967899.061
329250 230973615.349
330250 230979068.474
331250 230984738.968
332250 230990623.41
333250 230996069.63
334250 231001755.757
335250 231007287.524
336250 231012390.23
337250 231017610.044
338250 231022852.543
339250 231027911.14
340250 231033032.624
341250 231038204.439
342250 231043214.853
343250 231048576.75
344250 231054167.662
345250 231059683.011
346250 231064803.073
347250 231069825.036
348250 231075006.394
349250 231079853.405
350250 231084882.474
351250 231090111.008
352250 231095483.54
353250 231100691.977
354250 231105701.191
355250 231110682.091
356250 231115759.992
357250 231120980.888
358250 231125778.919
359250 231130520.646
360250 231135506.317
361250 231140317.502
362250 231145367.399
363250 231150459.773
364250 231155411.043
365250 231160117.844
366250 231164769.262
367250 231169413.376
368250 231173939.337
369250 231178549.613
370250 231183287.653
371250 231187904.364
372250 231192687.15
373250 231197249.863
374250 231201662.571
375250 231206198.996
376250 231210516.016
377250 231215049.145
378250 231219611.748
379250 231224104.522
380250 231228547.526
381250 231233256.13
382250 231237984.681
383250 231242576.974
384250 231247183.638
385250 231251627.744
386250 231256237.986
387250 231260853.393
388250 231265338.009
389250 231269836.42
390250 231274111.617
391250 231278373.654
392250 231282778.226
393250 231287092.066
394250 231291506.759
395250 231295839.333
396250 231300213.051
397250 231304481.289
398250 231308902.386
399250 231313406.761
400250 231317713.346
401250 231321955.777
402250 231326384.611
403250 231330796.808
404250 231335012.289
405250 231338926.57
406250 231342943.766
407250 231346782.502
408250 231350617.519
409250 231354420.473
410250 231358392.462
411250 231362551.666
412250 231366817.571
413250 231370946.22
414250 231374919.137
415250 231379016.725
416250 231382700.3
417250 231386500.761
418250 231390393.776
419250 231394420.885
420250 231398350.746
421250 231402215.112
422250 231405802.795
423250 231409517.334
424250 231413405.745
425250 231417111.981
426250 231420955.842
427250 231424770.83
428250 231428760.749
429250 231432601.871
430250 231436334.413
431250 231440133.316
432250 231443803.468
433250 231447563.9
434250 231451399.159
435250 231455148.726
436250 231459072.482
437250 231463093.405
438250 231466944.625
439250 231470662.482
440250 231474333.42
441250 231477890.61
442250 231481817.759
443250 231485711.541
444250 231489417.252
445250 231493079.033
446250 231496748.083
447250 231500410.265
448250 231503994.114
449250 231507618.748
450250 231511365.89
451250 231514983.147
452250 231518423.051
453250 231521885.715
454250 231525250.548
455250 231528553.778
456250 231531957.243
457250 231535274.679
458250 231538770.53
459250 231542106.069
460250 231545392.348
461250 231548754.634
462250 231552130.038
463250 231555332.719
464250 231558700.278
465250 231562130.806
466250 231565640.654
467250 231569027.041
468250 231572343.99
469250 231575576.917
470250 231578900.408
471250 231582060.075
472250 231585334.948
473250 231588794.675
474250 231592138.549
475250 231595298.682
476250 231598711.65
477250 231601895.486
478250 231604989.319
479250 231608254.576
480250 231611546.374
481250 231614834.983
482250 231618242.503
483250 231621566.36
484250 231624889.722
485250 231628085.587
486250 231631076.224
487250 231634176.188
488250 231637515.868
489250 231640699.379
490250 231643737.393
491250 231646818.053
492250 231650117.478
493250 231653225.584
494250 231656381.34
495250 231659533.93
496250 231662623.087
497250 231665842.321
498250 231669025.905
499250 231672172.935
500250 231675194.739
501250 231678277.205
502250 231681333.224
503250 231684435.978
504250 231687560.214
505250 231690630.938
506250 231693624.476
507250 231696780.437
508250 231699922.794
509250 231702968.257
510250 231706087.858
511250 231709056.586
512250 231712054.757
513250 231715108.146
514250 231718128.764
515250 231720983.4
516250 231724004.916
517250 231727004.794
518250 231729972.339
519250 231732810.812
520250 231735781.323
521250 231738677.616
522250 231741596.408
523250 231744508.599
524250 231747320.446
525250 231750209.84
526250 231753207.668
527250 231756249.858
528250 231759169.063
529250 231762058.118
530250 231765005.324
531250 231767750.353
532250 231770543.38
533250 231773412.21
534250 231776249.818
535250 231779143.247
536250 231782131.941
537250 231785028.169
538250 231787715.006
539250 231790592.439
540250 231793432.287
541250 231796143.159
542250 231798966.195
543250 231801771.159
544250 231804473.214
545250 231807296.622
546250 231810157.48
547250 231813076.594
548250 231815837.877
549250 231818692.616
550250 231821558.245
551250 231824282.688
552250 231826973.169
553250 231829800.823
554250 231832460.866
555250 231835231.694
556250 231837997.125
557250 231840700.451
558250 231843583.683
559250 231846407.9
560250 231849243.083
561250 231851941.826
562250 231854613.286
563250 231857297.137
564250 231859870.144
565250 231862525.419
566250 231865280.144
567250 231867943.521
568250 231870607.747
569250 231873392.337
570250 231876135.49
571250 231878959.256
572250 231881695.476
573250 231884360.922
574250 231886972.691
575250 231889847.258
576250 231892430.274
577250 231894851.073
578250 231897444.529
579250 231899919.429
580250 231902501.503
581250 231904969.288
582250 231907576.615
583250 231910032.016
584250 231912571.036
585250 231915117.732
586250 231917826.132
587250 231920462.062
588250 231923082.698
589250 231925708.097
590250 231928325.321
591250 231930889.785
592250 231933378.668
593250 231936042.493
594250 231938612.312
595250 231941078.558
596250 231943677.968
597250 231946251.749
598250 231948735.915
599250 231951222.307
600250 231953691.598
601250 231956168.869
602250 231958674.539
603250 231961204.389
604250 231963699.516
605250 231966129.085
606250 231968695.374
607250 231971175.543
608250 231973668.027
609250 231976269.501
610250 231978819.542
611250 231981253.301
612250 231983630.72
613250 231986114.271
614250 231988572.399
615250 231990989.372
616250 231993338.621
617250 231995734.129
618250 231998253.168
619250 232000733.766
620250 232003167.373
621250 232005571.753
622250 232007988.045
623250 232010365.356
624250 232012839.408
625250 232015235.054
626250 232017542.554
627250 232019912.676
628250 232022344.21
629250 232024770.941
630250 232027236.934
631250 232029522.382
632250 232031897.461
633250 232034259.778
634250 232036604.787
635250 232038986.099
636250 232041383.049
637250 232043705.597
638250 232046041.269
639250 232048493.429
640250 232050977.489
641250 232053295.845
642250 232055486.363
643250 232057846.665
644250 232060255.96
645250 232062566.707
646250 232064891.788
647250 232067264.01
648250 232069560.846
649250 232071883.679
650250 232074139.351
651250 232076402.572
652250 232078796.084
653250 232081129.408
654250 232083510.777
655250 232085850.277
656250 232088107.02
657250 232090271.034
658250 232092476.022
659250 232094735.121
660250 232096998.082
661250 232099308.163
662250 232101572.193
663250 232103866.384
664250 232106084.059
665250 232108313.772
666250 232110549.445
667250 232112732.631
668250 232114916.823
669250 232117103.665
670250 232119341.902
671250 232121625.607
672250 232123832.957
673250 232126041.814
674250 232128139.636
675250 232130328.661
676250 232132448.416
677250 232134566.78
678250 232136769.55
679250 232138963.569
680250 232141127.906
681250 232143289.403
682250 232145503.111
683250 232147680.87
684250 232149830.192
685250 232152059.937
686250 232154202.671
687250 232156264.181
688250 232158440.01
689250 232160606.789
690250 232162676.371
691250 232164748.002
692250 232166876.43
693250 232168970.396
694250 232171102.422
695250 232173300.372
696250 232175426.867
697250 232177574.24
698250 232179673.475
699250 232181786.947
700250 232183863.729
701250 232185956.722
702250 232188021.558
703250 232190106.892
704250 232192239.938
705250 232194379.144
706250 232196544.735
707250 232198704.319
708250 232200765.999
709250 232202815.666
710250 232204899.924
711250 232206935.808
712250 232209012.479
713250 232211041.71
714250 232213049.488
715250 232215019.71
716250 232217123.357
717250 232219249.943
718250 232221378.723
719250 232223502.265
720250 232225540.544
721250 232227686.053
722250 232229796.223
723250 232231826.99
724250 232233838.11
725250 232235922.275
726250 232237963.312
727250 232240100.184
728250 232242220.083
729250 232244265.969
730250 232246298.212
731250 232248312.276
732250 232250355.184
733250 232252383.454
734250 232254418.625
735250 232256464.052
736250 232258492.949
737250 232260554.276
738250 232262609.392
739250 232264615.159
740250 232266701.598
741250 232268707.253
742250 232270680.974
743250 232272653.31
744250 232274639.817
745250 232276644.175
746250 232278669.815
747250 232280640.327
748250 232282655.419
749250 232284711.165
750250 232286650.255
751250 232288590.086
752250 232290505.338
753250 232292419.051
754250 232294482.643
755250 232296480.991
756250 232298364.359
757250 232300212.531
758250 232302105.634
759250 232304088.877
760250 232306035.87
761250 232307919.36
762250 232309865.15
763250 232311772.734
764250 232313682.095
765250 232315575.75
766250 232317392.466
767250 232319260.498
768250 232321206.427
769250 232323106.088
770250 232325054.403
771250 232326921.845
772250 232328735.417
773250 232330611.054
774250 232332514.191
775250 232334329.66
776250 232336264.444
777250 232338150.73
778250 232339946.341
779250 232341795.236
780250 232343640.45
781250 232345500.937
782250 232347399.917
783250 232349278.035
784250 232351121.773
785250 232352995.985
786250 232354940.904
787250 232356757.388
788250 232358626.918
789250 232360448.393
790250 232362321.64
791250 232364184.188
792250 232365994.466
793250 232367830.463
794250 232369725.478
795250 232371663.898
796250 232373456.155
797250 232375285.336
798250 232377074.474
799250 232378897.33
800250 232380711.751
801250 232382521.754
802250 232384379.913
803250 232386265.77
804250 232388104.458
805250 232389995.286
806250 232391799.187
807250 232393629.693
808250 232395387.229
809250 232397198.227
810250 232399013.846
811250 232400839.426
812250 232402650.933
813250 232404476.803
814250 232406354.327
815250 232408114.123
816250 232409929.315
817250 232411776.217
818250 232413587.283
819250 232415385.71
820250 232417188.721
821250 232418928.358
822250 232420716.725
823250 232422535.225
824250 232424367.427
825250 232426128.964
826250 232427853.238
827250 232429655.431
828250 232431442.254
829250 232433210.844
830250 232434997.211
831250 232436701.286
832250 232438509.815
833250 232440272.292
834250 232442098.584
835250 232443831.664
836250 232445554.327
837250 232447302.853
838250 232449077.086
839250 232450859.55
840250 232452613.837
841250 232454345.556
842250 232456081.95
843250 232457766.726
844250 232459511.27
845250 232461216.011
846250 232462916.286
847250 232464570.238
848250 232466278.572
849250 232468029.487
850250 232469813.625
851250 232471579.302
852250 232473331.066
853250 232475020.938
854250 232476774.211
855250 232478432.86
856250 232480167.362
857250 232481863.938
858250 232483586.825
859250 232485321.707
860250 232487052.99
861250 232488743.25
862250 232490436.959
863250 232492172.525
864250 232493896.286
865250 232495599.5
866250 232497301.84
867250 232498973.752
868250 232500634.837
869250 232502382.605
870250 232504085.589
871250 232505822.834
872250 232507527.451
873250 232509219.557
874250 232510903.191
875250 232512616.236
876250 232514317.949
877250 232515990.004
878250 232517602.259
879250 232519265.024
880250 232520934.9
881250 232522596.75
882250 232524235.558
883250 232525895.161
884250 232527547.834
885250 232529206.092
886250 232530817.039
887250 232532438.133
888250 232534090.172
889250 232535742.846
890250 232537367.107
891250 232539015.053
892250 232540606.421
893250 232542249.062
894250 232543838.618
895250 232545459.304
896250 232547068.833
897250 232548683.395
898250 232550325.678
899250 232551956.91
900250 232553616.592
901250 232555219.899
902250 232556804.757
903250 232558431.941
904250 232560047.118
905250 232561608.146
906250 232563234.043
907250 232564860.732
908250 232566451.789
909250 232568064.105
910250 232569666.642
911250 232571246.35
912250 232572793.86
913250 232574350.8
914250 232575920.663
915250 232577492.513
916250 232579089.507
917250 232580736.372
918250 232582391.53
919250 232583997.088
920250 232585558.642
921250 232587120.423
922250 232588716.039
923250 232590322.815
924250 232591963.912
925250 232593562.617
926250 232595141.991
927250 232596688.61
928250 232598287.503
929250 232599947.198
930250 232601559.696
931250 232603141.443
932250 232604719.737
933250 232606269.037
934250 232607817.691
935250 232609402.089
936250 232610960.36
937250 232612500.479
938250 232614069.625
939250 232615651.218
940250 232617176.678
941250 232618713.539
942250 232620265.027
943250 232621811.221
944250 232623389.943
945250 232624941.168
946250 232626439.392
947250 232627989.891
948250 232629546.068
949250 232631120.049
950250 232632678.605
951250 232634181.698
952250 232635722.979
953250 232637307.073
954250 232638806.65
955250 232640340.311
956250 232641867.342
957250 232643439.747
958250 232645009.818
959250 232646516.905
960250 232648036.322
961250 232649542.363
962250 232651049.572
963250 232652541.074
964250 232654034.45
965250 232655538.463
966250 232657039.074
967250 232658579.367
968250 232660102.708
969250 232661622.018
970250 232663142.341
971250 232664664.222
972250 232666190.807
973250 232667683.471
974250 232669192.954
975250 232670678.882
976250 232672182.643
977250 232673722.424
978250 232675214.107
979250 232676721.163
980250 232678198.74
981250 232679685.156
982250 232681204.317
983250 232682689.614
984250 232684183.28
985250 232685655.373
986250 232687139.631
987250 232688574.429
988250 232690025.282
989250 232691550.491
990250 232693067.825
991250 232694563.083
992250 232696031.905
993250 232697508.462
994250 232698997.359
995250 232700486.896
996250 232701969.751
997250 232703437.713
998250 232704890.335
999250 232706326.441
1000250 232707802.561
1001250 232709265.029
1002250 232710773.787
1003250 232712245.849
1004250 232713681.824
1005250 232715124.056
1006250 232716588.293
1007250 232718055.717
1008250 232719497.149
1009250 232720963.578
1010250 232722405.083
1011250 232723846.137
1012250 232725295.596
1013250 232726745.799
1014250 232728205.383
1015250 232729639.512
1016250 232731023.607
1017250 232732433.074
1018250 232733879.981
1019250 232735351.979
1020250 232736824.39
1021250 232738271.975
1022250 232739752.955
1023250 232741219.972
1024250 232742701.589
1025250 232744154.355
1026250 232745602.029
1027250 232747061.216
1028250 232748485.142
1029250 232749921.267
1030250 232751350.087
1031250 232752774.82
1032250 232754194.078
1033250 232755607.548
1034250 232757013.696
1035250 232758443.585
1036250 232759829.995
1037250 232761217.817
1038250 232762612.291
1039250 232764007.554
1040250 232765416.325
1041250 232766817.781
1042250 232768191.642
1043250 232769567.222
1044250 232770950.748
1045250 232772356.677
1046250 232773752.11
1047250 232775140.889
1048250 232776544.852
1049250 232777935.025
1050250 232779346.949
1051250 232780705.442
1052250 232782091.132
1053250 232783501.598
1054250 232784878.673
1055250 232786260.781
1056250 232787631.307
1057250 232788991.531
1058250 232790366.518
1059250 232791750.092
1060250 232793142.608
1061250 232794528.622
1062250 232795932.705
1063250 232797322.574
1064250 232798717.686
1065250 232800114.064
1066250 232801492.843
1067250 232802902.246
1068250 232804260.61
1069250 232805622.977
1070250 232806989.802
1071250 232808352.73
1072250 232809683.202
1073250 232811088.26
1074250 232812487.75
1075250 232813832.605
1076250 232815180.808
1077250 232816546.527
1078250 232817909.626
1079250 232819284.399
1080250 232820654.189
1081250 232822006.63
1082250 232823350.433
1083250 232824703.002
1084250 232826059.697
1085250 232827421.863
1086250 232828793.665
1087250 232830179.019
1088250 232831531.669
1089250 232832847.815
1090250 232834159.073
1091250 232835498.409
1092250 232836807.756
1093250 232838198.442
1094250 232839542.346
1095250 232840893.583
1096250 232842226.098
1097250 232843548.674
1098250 232844890.924
1099250 232846237.28
1100250 232847583.783
1101250 232848907.197
1102250 232850254.244
1103250 232851593.929
1104250 232852897.66
1105250 232854219.67
1106250 232855540.163
1107250 232856872.418
1108250 232858208.609
1109250 232859538.137
1110250 232860884.108
1111250 232862210.253
1112250 232863525.473
1113250 232864887.499
1114250 232866232.584
1115250 232867560.653
1116250 232868887.567
1117250 232870201.048
1118250 232871509.213
1119250 232872852.142
1120250 232874196.796
1121250 232875520.25
1122250 232876826.259
1123250 232878101.689
1124250 232879416.304
1125250 232880745.779
1126250 232882058.555
1127250 232883355.689
1128250 232884668.652
1129250 232885966.146
1130250 232887305.732
1131250 232888630.052
1132250 232889958.629
1133250 232891254.627
1134250 232892586.778
1135250 232893930.054
1136250 232895257.214
1137250 232896557.796
1138250 232897869.827
1139250 232899144.66
1140250 232900437.603
1141250 232901742.837
1142250 232903018.061
1143250 232904313.411
1144250 232905622.447
1145250 232906931.399
1146250 232908232.292
1147250 232909537.41
1148250 232910825.716
1149250 232912133.981
1150250 232913428.34
1151250 232914719.667
1152250 232916016.536
1153250 232917274.156
1154250 232918539.938
1155250 232919832.389
1156250 232921148.365
1157250 232922457.085
1158250 232923771.272
1159250 232925073.518
1160250 232926370.703
1161250 232927676.724
1162250 232928952.437
1163250 232930225.669
1164250 232931516.821
1165250 232932791.424
1166250 232934070.441
1167250 232935366.228
1168250 232936645.698
1169250 232937910.687
1170250 232939211.791
1171250 232940515.853
1172250 232941790.066
1173250 232943060.478
1174250 232944325.499
1175250 232945601.114
1176250 232946860.564
1177250 232948141.204
1178250 232949420.969
1179250 232950692.367
1180250 232951950.649
1181250 232953206.466
1182250 232954485.664
1183250 232955750.171
1184250 232957006.257
1185250 232958254.997
1186250 232959522.064
1187250 232960797.137
1188250 232962041.367
1189250 232963276.168
1190250 232964525.234
1191250 232965774.971
1192250 232967022.483
1193250 232968309.156
1194250 232969570.204
1195250 232970788.767
1196250 232972011.917
1197250 232973246.396
1198250 232974479.895
1199250 232975725.956
1200250 232976972.761
1201250 232978216.67
1202250 232979464.083
1203250 232980733.105
1204250 232981983.225
1205250 232983208.624
1206250 232984456.532
1207250 232985690.557
1208250 232986927.463
1209250 232988161.382
1210250 232989372.65
1211250 232990583.527
1212250 232991824.705
1213250 232993060.361
1214250 232994304.762
1215250 232995547.869
1216250 232996778.147
1217250 232997992.348
1218250 232999201.73
1219250 233000409.328
1220250 233001631.238
1221250 233002851.243
1222250 233004049.37
1223250 233005219.737
1224250 233006395.806
1225250 233007578.695
1226250 233008752.006
1227250 233009922.352
1228250 233011118.231
1229250 233012304.479
1230250 233013475.121
1231250 233014632.262
1232250 233015826.87
1233250 233016974.2
1234250 233018139.207
1235250 233019322.763
1236250 233020495.075
1237250 233021628.799
1238250 233022760.703
1239250 233023897.232
1240250 233025054.697
1241250 233026200.715
1242250 233027362.669
1243250 233028526.169
1244250 233029694.438
1245250 233030865.364
1246250 233032044.385
1247250 233033201.332
1248250 233034359.536
1249250 233035521.302
1250250 233036674.246
1251250 233037818.594
1252250 233038971.893
1253250 233040112.51
1254250 233041250.435
1255250 233042396.995
1256250 233043540.599
1257250 233044703.589
1258250 233045851.437
1259250 233046992.45
1260250 233048147.917
1261250 233049312.481
1262250 233050460.173
1263250 233051605.326
1264250 233052761.723
1265250 233053912.104
1266250 233055057.017
1267250 233056215.438
1268250 233057367.231
1269250 233058524.363
1270250 233059684.305
1271250 233060835.126
1272250 233061976.279
1273250 233063109.517
1274250 233064265.773
1275250 233065403.176
1276250 233066548.38
1277250 233067716.767
1278250 233068844.078
1279250 233069975.301
1280250 233071104.713
1281250 233072242.045
1282250 233073397.501
1283250 233074546.716
1284250 233075684.862
1285250 233076816.831
1286250 233077948.765
1287250 233079073.877
1288250 233080208.216
1289250 233081332.587
1290250 233082452.667
1291250 233083586.056
1292250 233084697.567
1293250 233085835.931
1294250 233086967.505
1295250 233088094.269
1296250 233089216.223
1297250 233090360.553
1298250 233091483.803
1299250 233092615.035
1300250 233093751.314
1301250 233094891.176
1302250 233096029.933
1303250 233097166.679
1304250 233098280.306
1305250 233099401.822
1306250 233100522.891
1307250 233101642.619
1308250 233102770.882
1309250 233103904.691
1310250 233105033.953
1311250 233106157.631
1312250 233107276.079
1313250 233108401.985
1314250 233109519.765
1315250 233110645.505
1316250 233111773.142
1317250 233112914.332
1318250 233114028.996
1319250 233115152.34
1320250 233116273.719
1321250 233117395.949
1322250 233118515.411
1323250 233119642.369
1324250 233120753.339
1325250 233121862.868
1326250 233122987.278
1327250 233124085.86
1328250 233125194.033
1329250 233126295.947
1330250 233127414.499
1331250 233128545.171
1332250 233129655.184
1333250 233130763.638
1334250 233131894.058
1335250 233133002.366
1336250 233134111.07
1337250 233135214.352
1338250 233136318.565
1339250 233137436.914
1340250 233138546.731
1341250 233139659.01
1342250 233140765.409
1343250 233141866.753
1344250 233142971.439
1345250 233144066.772
1346250 233145170.197
1347250 233146284.407
1348250 233147387.036
1349250 233148498.827
1350250 233149608.568
1351250 233150719.527
1352250 233151836.62
1353250 233152938.583
1354250 233154040.803
1355250 233155153.671
1356250 233156251.371
1357250 233157365.785
1358250 233158466.951
1359250 233159571.658
1360250 233160685.158
1361250 233161783.314
1362250 233162887.668
1363250 233163989.405
1364250 233165090.951
1365250 233166189.93
1366250 233167297.684
1367250 233168394.565
1368250 233169490.497
1369250 233170594.123
1370250 233171704.914
1371250 233172812.003
1372250 233173903.605
1373250 233175003.229
1374250 233176101.133
1375250 233177187.833
1376250 233178296.954
1377250 233179397.139
1378250 233180478.878
1379250 233181571.221
1380250 233182676.53
1381250 233183769.544
1382250 233184858.678
1383250 233185942.487
1384250 233187021.053
1385250 233188109.594
1386250 233189199.562
1387250 233190294.406
1388250 233191375.817
1389250 233192460.593
1390250 233193549.071
1391250 233194618.675
1392250 233195693.154
1393250 233196775.033
1394250 233197861.002
1395250 233198944.184
1396250 233200025.945
1397250 233201110.255
1398250 233202175.338
1399250 233203237.079
1400250 233204305.727
1401250 233205380.021
1402250 233206461.707
1403250 233207542.011
1404250 233208626.223
1405250 233209699.681
1406250 233210767.385
1407250 233211835.214
1408250 233212912.953
1409250 233213976.05
1410250 233215048.974
1411250 233216121.129
1412250 233217179.539
1413250 233218248.442
1414250 233219327.638
1415250 233220406.116
1416250 233221488.055
1417250 233222565.56
1418250 233223635.901
1419250 233224711.732
1420250 233225782.172
1421250 233226856.168
1422250 233227919.653
1423250 233228984.54
1424250 233230052.134
1425250 233231124.498
1426250 233232196.967
1427250 233233256.695
1428250 233234336.173
1429250 233235405.372
1430250 233236473.828
1431250 233237534.267
1432250 233238606.176
1433250 233239673.08
1434250 233240731.352
1435250 233241790.543
1436250 233242860.021
1437250 233243924.724
1438250 233244982.116
1439250 233246034.583
1440250 233247096.218
1441250 233248156.752
1442250 233249225.093
1443250 233250289.829
1444250 233251350.626
1445250 233252411.326
1446250 233253461.97
1447250 233254525.223
1448250 233255590.567
1449250 233256647.672
1450250 233257706.508
1451250 233258756.692
1452250 233259811.201
1453250 233260874.61
1454250 233261928.601
1455250 233262984.077
1456250 233264032.389
1457250 233265090.023
1458250 233266143.868
1459250 233267197.093
1460250 233268249.851
1461250 233269303.497
1462250 233270352.212
1463250 233271404.704
1464250 233272451.217
1465250 233273499.266
1466250 233274541.279
1467250 233275587.592
1468250 233276632.403
1469250 233277678.646
1470250 233278738.175
1471250 233279793.403
1472250 233280851.412
1473250 233281898.022
1474250 233282950.725
1475250 233284006.402
1476250 233285045.382
1477250 233286093.045
1478250 233287136.247
1479250 233288152.24
1480250 233289154.731
1481250 233290163.263
1482250 233291172.064
1483250 233292176.436
1484250 233293181.04
1485250 233294188.393
1486250 233295191.742
1487250 233296194.664
1488250 233297199.577
1489250 233298205.245
1490250 233299214.424
1491250 233300217.152
1492250 233301219.607
1493250 233302227.29
1494250 233303232.334
1495250 233304240.825
1496250 233305251.582
1497250 233306259.858
1498250 233307269.643
1499250 233308277.244
1500250 233309282.318
1501250 233310286.813
1502250 233311289.65
1503250 233312294.604
1504250 233313299.819
1505250 233314306.853
1506250 233315309.948
1507250 233316316.062
1508250 233317323.354
1509250 233318327.174
1510250 233319331.907
1511250 233320339.411
1512250 233321340.949
1513250 233322345.946
1514250 233323350.163
1515250 233324352.522
1516250 233325356.825
1517250 233326363.71
1518250 233327367.406
1519250 233328371.02
1520250 233329373.47
1521250 233330377.963
1522250 233331385.178
1523250 233332387.445
1524250 233333393.883
1525250 233334400.938
1526250 233335403.727
1527250 233336405.791
1528250 233337408.749
1529250 233338413.213
1530250 233339417.46
1531250 233340420.963
1532250 233341423.301
1533250 233342428.083
1534250 233343434.909
1535250 233344439.114
1536250 233345442.17
1537250 233346445.738
1538250 233347447.98
1539250 233348452.007
1540250 233349455.498
1541250 233350458.412
1542250 233351463.197
1543250 233352468.249
1544250 233353473.297
1545250 233354478.094
1546250 233355484.605
1547250 233356488.982
1548250 233357492.295
1549250 233358497.368
1550250 233359499.515
1551250 233360501.479
1552250 233361503.794
1553250 233362507.532
1554250 233363509.066
1555250 233364512.919
1556250 233365515.685
1557250 233366519.0
1558250 233367525.935
1559250 233368528.5
1560250 233369531.157
1561250 233370534.228
1562250 233371535.5
1563250 233372536.483
1564250 233373539.242
1565250 233374543.087
1566250 233375545.365
1567250 233376548.304
1568250 233377551.734
1569250 233378554.027
1570250 233379558.849
1571250 233380563.886
1572250 233381569.715
1573250 233382572.568
1574250 233383574.155
1575250 233384580.312
1576250 233385583.541
1577250 233386585.655
1578250 233387588.776
1579250 233388593.008
1580250 233389596.666
1581250 233390598.329
1582250 233391600.461
1583250 233392602.142
1584250 233393604.599
1585250 233394606.915
1586250 233395610.63
1587250 233396615.129
1588250 233397616.5
1589250 233398617.327
1590250 233399618.421
1591250 233400619.115
1592250 233401619.858
1593250 233402625.211
1594250 233403628.826
1595250 233404629.65
1596250 233405631.33
1597250 233406634.142
1598250 233407637.595
1599250 233408639.017
1600250 233409643.039
1601250 233410646.525
1602250 233411648.417
1603250 233412650.671
1604250 233413653.537
1605250 233414655.725
1606250 233415656.72
1607250 233416658.5
1608250 233417661.615
1609250 233418664.387
1610250 233419666.522
1611250 233420668.454
1612250 233421669.291
1613250 233422670.931
1614250 233423671.5
1615250 233424674.702
1616250 233425676.5
1617250 233426676.637
1618250 233427677.5
1619250 233428678.25
1620250 233429679.628
1621250 233430681.738
1622250 233431683.508
1623250 233432685.995
1624250 233433687.254
1625250 233434688.551
1626250 233435690.932
1627250 233436693.508
1628250 233437695.142
1629250 233438697.108
1630250 233439698.5
1631250 233440699.543
1632250 233441701.474
1633250 233442701.71
1634250 233443703.819
1635250 233444704.5
1636250 233445705.329
1637250 233446707.5
1638250 233447709.238
1639250 233448711.293
1640250 233449712.193
1641250 233450712.5
1642250 233451714.266
1643250 233452714.802
1644250 233453716.425
1645250 233454717.809
1646250 233455719.202
1647250 233456719.5
1648250 233457719.5
1649250 233458720.929
1650250 233459721.81
1651250 233460722.5
1652250 233461724.239
1653250 233462725.5
1654250 233463726.193
1655250 233464726.544
1656250 233465728.194
1657250 233466730.5
1658250 233467730.5
1659250 233468730.926
1660250 233469732.938
1661250 233470733.737
1662250 233471735.064
1663250 233472736.196
1664250 233473736.5
1665250 233474736.618
1666250 233475737.5
1667250 233476738.222
1668250 233477738.5
1669250 233478738.5
1670250 233479738.5
1671250 233480739.569
1672250 233481740.5
1673250 233482740.906
1674250 233483743.291
1675250 233484744.429
1676250 233485744.5
1677250 233486745.24
1678250 233487745.5
1679250 233488745.5
1680250 233489745.5
1681250 233490745.5
1682250 233491745.5
1683250 233492746.216
1684250 233493746.968
1685250 233494747.5
1686250 233495747.5
1687250 233496748.41
1688250 233497748.5
1689250 233498748.832
1690250 233499749.735
1691250 233500750.5
1692250 233501750.5
1693250 233502750.5
1694250 233503750.5
1695250 233504750.5
1696250 233505750.5
