4250 10098828.974
5250 18498403.307
6250 21595463.42
7250 23090516.629
8250 23863417.52
9250 24287898.581
10250 24534548.17
11250 24691898.802
12250 24796597.677
13250 24868774.598
14250 24920973.219
15250 24959639.462
16250 24988899.471
17250 25012867.359
18250 25031381.768
19250 25046748.366
20250 25060123.652
21250 25071901.946
22250 25082660.446
23250 25091914.852
24250 25099725.585
25250 25106654.961
26250 25113507.305
27250 25119527.537
28250 25125125.445
29250 25130759.007
30250 25135781.775
31250 25140261.77
32250 25144768.89
33250 25148862.203
34250 25152744.33
35250 25156436.416
36250 25159805.876
37250 25163071.124
38250 25166312.168
39250 25169508.182
40250 25172555.298
41250 25175331.332
42250 25177980.918
43250 25180529.998
44250 25183113.365
45250 25185636.95
46250 25188009.678
47250 25190341.489
48250 25192566.9
49250 25194861.745
50250 25196930.062
51250 25198913.229
52250 25201010.671
53250 25203008.317
54250 25204877.082
55250 25206717.406
56250 25208601.115
57250 25210467.911
58250 25212221.528
59250 25213903.339
60250 25215634.128
61250 25217279.192
62250 25218964.386
63250 25220607.274
64250 25222228.435
65250 25223776.565
66250 25225326.877
67250 25226892.257
68250 25228420.939
69250 25229953.126
70250 25231543.558
71250 25233033.357
72250 25234503.298
73250 25235920.3
74250 25237310.273
75250 25238706.194
76250 25240081.669
77250 25241466.526
78250 25242859.339
79250 25244210.52
80250 25245564.095
81250 25246966.842
82250 25248324.781
83250 25249667.441
84250 25250945.093
85250 25252268.217
86250 25253556.763
87250 25254823.678
88250 25256090.415
89250 25257356.441
90250 25258598.213
91250 25259834.371
92250 25261100.654
93250 25262373.57
94250 25263653.8
95250 25264911.537
96250 25266157.82
97250 25267398.8
98250 25268667.306
99250 25269869.651
100250 25271031.27
101250 25272200.952
102250 25273371.607
103250 25274544.735
104250 25275733.221
105250 25276892.816
106250 25278032.84
107250 25279211.309
108250 25280381.071
109250 25281558.233
110250 25282716.719
111250 25283865.956
112250 25285043.628
113250 25286204.69
114250 25287366.932
115250 25288531.589
116250 25289690.49
117250 25290845.632
118250 25292011.673
119250 25293169.244
120250 25294321.15
121250 25295471.778
122250 25296635.366
123250 25297802.982
124250 25298976.473
125250 25300127.94
126250 25301254.27
127250 25302357.959
128250 25303458.3
129250 25304557.415
130250 25305647.129
131250 25306740.637
132250 25307839.716
133250 25308923.179
134250 25310005.793
135250 25311098.504
136250 25312195.973
137250 25313294.596
138250 25314397.377
139250 25315485.087
140250 25316587.046
141250 25317670.688
142250 25318759.556
143250 25319831.486
144250 25320916.52
145250 25321997.674
146250 25323087.865
147250 25324174.116
148250 25325264.588
149250 25326355.368
150250 25327439.817
151250 25328527.543
152250 25329611.244
153250 25330707.306
154250 25331798.814
155250 25332879.624
156250 25333957.884
157250 25335044.546
158250 25336123.865
159250 25337198.448
160250 25338293.133
161250 25339390.662
162250 25340480.778
163250 25341585.269
164250 25342679.036
165250 25343763.553
166250 25344858.877
167250 25345943.225
168250 25347025.088
169250 25348108.964
170250 25349198.114
171250 25350285.436
172250 25351366.308
173250 25352442.143
174250 25353532.272
175250 25354617.024
176250 25355701.395
177250 25356763.977
178250 25357805.846
179250 25358856.784
180250 25359910.37
181250 25360947.345
182250 25361983.261
183250 25363020.828
184250 25364072.951
185250 25365114.842
186250 25366161.526
187250 25367206.217
188250 25368254.225
189250 25369289.846
190250 25370324.64
191250 25371364.303
192250 25372406.034
193250 25373446.359
194250 25374487.343
195250 25375528.863
196250 25376559.799
197250 25377596.057
198250 25378638.218
199250 25379679.472
200250 25380714.148
201250 25381759.948
202250 25382806.639
203250 25383853.247
204250 25384885.889
205250 25385925.753
206250 25386970.142
207250 25388014.413
208250 25389059.947
209250 25390107.863
210250 25391156.362
211250 25392191.327
212250 25393232.743
213250 25394276.786
214250 25395323.361
215250 25396361.453
216250 25397407.073
217250 25398442.289
218250 25399478.564
219250 25400519.378
220250 25401553.191
221250 25402595.694
222250 25403635.529
223250 25404676.769
224250 25405717.812
225250 25406743.832
226250 25407775.574
227250 25408805.859
228250 25409835.11
229250 25410869.109
230250 25411907.929
231250 25412940.762
232250 25413977.617
233250 25415008.57
234250 25416041.678
235250 25417080.716
236250 25418127.206
237250 25419166.874
238250 25420211.249
239250 25421260.269
240250 25422300.379
241250 25423336.368
242250 25424378.388
243250 25425422.262
244250 25426456.715
245250 25427492.46
246250 25428538.038
247250 25429579.898
248250 25430611.792
249250 25431644.394
250250 25432688.242
251250 25433735.789
252250 25434788.596
253250 25435837.702
254250 25436882.23
255250 25437925.092
256250 25438965.976
257250 25439999.066
258250 25441035.316
259250 25442069.157
260250 25443106.363
261250 25444153.066
262250 25445193.558
263250 25446234.49
264250 25447272.858
265250 25448313.444
266250 25449352.478
267250 25450394.47
268250 25451426.564
269250 25452460.433
270250 25453496.906
271250 25454533.379
272250 25455571.183
273250 25456603.013
274250 25457640.109
275250 25458677.289
276250 25459712.234
277250 25460754.449
278250 25461806.785
279250 25462842.708
280250 25463879.286
281250 25464908.683
282250 25465938.191
283250 25466974.737
284250 25468011.626
285250 25469048.391
286250 25470076.901
287250 25471109.094
288250 25472152.515
289250 25473190.452
290250 25474223.137
291250 25475262.47
292250 25476289.252
293250 25477302.514
294250 25478313.783
295250 25479331.544
296250 25480345.236
297250 25481357.7
298250 25482372.966
299250 25483390.858
300250 25484411.082
301250 25485422.791
302250 25486435.405
303250 25487453.17
304250 25488464.608
305250 25489475.668
306250 25490491.021
307250 25491506.341
308250 25492525.642
309250 25493543.402
310250 25494557.659
311250 25495569.65
312250 25496583.124
313250 25497596.663
314250 25498608.06
315250 25499619.595
316250 25500640.842
317250 25501659.745
318250 25502680.38
319250 25503695.341
320250 25504706.93
321250 25505723.129
322250 25506734.608
323250 25507751.432
324250 25508768.932
325250 25509786.943
326250 25510804.645
327250 25511819.922
328250 25512836.203
329250 25513859.038
330250 25514873.51
331250 25515890.942
332250 25516904.48
333250 25517919.673
334250 25518933.125
335250 25519948.424
336250 25520967.561
337250 25521984.802
338250 25523005.805
339250 25524020.168
340250 25525035.706
341250 25526054.007
342250 25527073.582
343250 25528088.316
344250 25529105.953
345250 25530117.658
346250 25531127.015
347250 25532147.381
348250 25533157.162
349250 25534168.734
350250 25535178.199
351250 25536192.36
352250 25537206.761
353250 25538221.274
354250 25539235.99
355250 25540251.573
356250 25541262.97
357250 25542278.251
358250 25543296.425
359250 25544308.527
360250 25545324.317
361250 25546337.801
362250 25547348.465
363250 25548366.39
364250 25549387.056
365250 25550410.372
366250 25551421.975
367250 25552431.417
368250 25553440.295
369250 25554449.761
370250 25555463.307
371250 25556477.885
372250 25557490.227
373250 25558500.151
374250 25559514.3
375250 25560527.694
376250 25561544.54
377250 25562560.682
378250 25563573.629
379250 25564583.717
380250 25565591.736
381250 25566607.526
382250 25567623.99
383250 25568636.673
384250 25569651.417
385250 25570665.543
386250 25571674.45
387250 25572688.367
388250 25573698.909
389250 25574710.121
390250 25575727.926
391250 25576746.069
392250 25577759.994
393250 25578774.28
394250 25579788.264
395250 25580804.417
396250 25581818.914
397250 25582835.149
398250 25583849.3
399250 25584864.579
400250 25585880.02
401250 25586892.416
402250 25587900.094
403250 25588912.265
404250 25589925.942
405250 25590936.78
406250 25591946.119
407250 25592953.498
408250 25593966.032
409250 25594984.625
410250 25596001.111
411250 25597013.328
412250 25598025.334
413250 25599041.511
414250 25600053.466
415250 25601067.939
416250 25602086.507
417250 25603103.927
418250 25604121.866
419250 25605139.693
420250 25606148.948
421250 25607159.362
422250 25608166.265
423250 25609177.524
424250 25610189.367
425250 25611204.802
426250 25612218.639
427250 25613229.576
428250 25614244.293
429250 25615256.489
430250 25616273.079
431250 25617286.701
432250 25618304.083
433250 25619322.69
434250 25620335.086
435250 25621345.638
436250 25622356.05
437250 25623368.292
438250 25624380.736
439250 25625391.951
440250 25626413.165
441250 25627428.35
442250 25628438.429
443250 25629448.483
444250 25630461.767
445250 25631472.679
446250 25632487.356
447250 25633498.056
448250 25634518.433
449250 25635532.84
450250 25636545.315
451250 25637560.182
452250 25638573.119
453250 25639588.751
454250 25640598.381
455250 25641608.84
456250 25642619.301
457250 25643630.241
458250 25644642.63
459250 25645654.495
460250 25646669.34
461250 25647681.051
462250 25648694.964
463250 25649709.214
464250 25650724.31
465250 25651737.384
466250 25652749.222
467250 25653762.918
468250 25654780.429
469250 25655792.159
470250 25656802.383
471250 25657813.403
472250 25658824.71
473250 25659834.166
474250 25660846.351
475250 25661859.296
476250 25662868.512
477250 25663880.831
478250 25664897.823
479250 25665912.297
480250 25666926.253
481250 25667938.82
482250 25668949.18
483250 25669958.235
484250 25670966.155
485250 25671977.196
486250 25672990.009
487250 25674000.687
488250 25675010.789
489250 25676021.648
490250 25677039.149
491250 25678051.457
492250 25679063.639
493250 25680080.498
494250 25681093.349
495250 25682106.98
496250 25683118.953
497250 25684131.912
498250 25685145.607
499250 25686157.026
500250 25687167.503
501250 25688176.391
502250 25689183.154
503250 25690195.176
504250 25691204.804
505250 25692215.825
506250 25693228.787
507250 25694243.202
508250 25695253.792
509250 25696270.135
510250 25697281.699
511250 25698294.299
512250 25699316.986
513250 25700326.766
514250 25701341.185
515250 25702353.268
516250 25703367.519
517250 25704379.046
518250 25705389.133
519250 25706399.338
520250 25707409.362
521250 25708419.029
522250 25709424.707
523250 25710432.488
524250 25711449.354
525250 25712463.644
526250 25713474.394
527250 25714482.649
528250 25715490.144
529250 25716495.497
530250 25717511.306
531250 25718526.475
532250 25719544.438
533250 25720560.815
534250 25721571.661
535250 25722579.799
536250 25723586.621
537250 25724598.143
538250 25725609.083
539250 25726615.715
540250 25727621.137
541250 25728633.038
542250 25729643.085
543250 25730655.446
544250 25731672.737
545250 25732677.784
546250 25733689.912
547250 25734704.99
548250 25735715.77
549250 25736724.354
550250 25737730.79
551250 25738738.009
552250 25739748.043
553250 25740757.218
554250 25741765.165
555250 25742771.139
556250 25743782.46
557250 25744792.888
558250 25745804.247
559250 25746812.839
560250 25747822.252
561250 25748833.26
562250 25749845.649
563250 25750859.174
564250 25751869.951
565250 25752879.174
566250 25753886.641
567250 25754893.83
568250 25755901.48
569250 25756915.641
570250 25757927.958
571250 25758933.91
572250 25759939.699
573250 25760950.286
574250 25761956.64
575250 25762965.659
576250 25763972.274
577250 25764979.087
578250 25765989.895
579250 25766997.785
580250 25768009.765
581250 25769019.475
582250 25770029.597
583250 25771038.144
584250 25772046.886
585250 25773057.219
586250 25774069.949
587250 25775075.229
588250 25776085.862
589250 25777092.074
590250 25778102.963
591250 25779109.709
592250 25780115.04
593250 25781127.31
594250 25782141.036
595250 25783149.578
596250 25784158.123
597250 25785165.126
598250 25786169.002
599250 25787176.365
600250 25788185.029
601250 25789192.077
602250 25790201.196
603250 25791213.602
604250 25792218.353
605250 25793227.309
606250 25794234.415
607250 25795240.587
608250 25796249.056
609250 25797257.357
610250 25798266.153
611250 25799276.039
612250 25800285.368
613250 25801297.288
614250 25802303.699
615250 25803311.296
616250 25804323.856
617250 25805337.333
618250 25806350.861
619250 25807361.27
620250 25808369.921
621250 25809380.999
622250 25810392.296
623250 25811403.492
624250 25812409.69
625250 25813416.243
626250 25814426.623
627250 25815435.824
628250 25816446.588
629250 25817457.658
630250 25818467.189
631250 25819474.837
632250 25820481.165
633250 25821489.451
634250 25822497.678
635250 25823509.55
636250 25824521.749
637250 25825527.573
638250 25826535.483
639250 25827545.449
640250 25828554.602
641250 25829566.226
642250 25830578.144
643250 25831584.719
644250 25832587.468
645250 25833591.614
646250 25834596.366
647250 25835601.224
648250 25836604.118
649250 25837607.022
650250 25838610.61
651250 25839613.549
652250 25840621.255
653250 25841623.286
654250 25842624.896
655250 25843626.321
656250 25844627.252
657250 25845629.253
658250 25846629.974
659250 25847631.433
660250 25848632.5
661250 25849635.665
662250 25850638.444
663250 25851641.543
664250 25852643.45
665250 25853644.811
666250 25854647.333
667250 25855647.678
668250 25856650.331
669250 25857651.985
670250 25858653.794
671250 25859654.579
672250 25860660.616
673250 25861666.506
674250 25862670.901
675250 25863673.613
676250 25864677.228
677250 25865679.23
678250 25866680.232
679250 25867681.378
680250 25868684.173
681250 25869684.879
682250 25870688.041
683250 25871690.426
684250 25872690.5
685250 25873692.105
686250 25874694.5
687250 25875695.167
688250 25876698.827
689250 25877700.493
690250 25878701.5
691250 25879702.089
692250 25880703.102
693250 25881704.265
694250 25882705.292
695250 25883709.208
696250 25884712.372
697250 25885716.383
698250 25886722.407
699250 25887724.5
700250 25888724.645
701250 25889727.65
702250 25890731.261
703250 25891733.008
704250 25892734.327
705250 25893734.5
706250 25894735.265
707250 25895738.552
708250 25896740.536
709250 25897742.892
710250 25898744.973
711250 25899746.296
712250 25900748.062
713250 25901749.761
714250 25902752.393
715250 25903755.344
716250 25904756.744
717250 25905758.084
718250 25906760.799
719250 25907765.079
720250 25908768.005
721250 25909770.98
722250 25910774.684
723250 25911779.491
724250 25912781.485
725250 25913784.779
726250 25914786.935
727250 25915788.5
728250 25916788.713
729250 25917791.134
730250 25918792.278
731250 25919795.394
732250 25920799.5
733250 25921801.083
734250 25922803.5
735250 25923803.807
736250 25924804.534
737250 25925806.988
738250 25926809.581
739250 25927812.333
740250 25928814.803
741250 25929818.214
742250 25930820.823
743250 25931824.712
744250 25932827.439
745250 25933831.145
746250 25934832.687
747250 25935833.626
748250 25936835.001
749250 25937836.267
750250 25938836.863
751250 25939839.705
752250 25940844.061
753250 25941848.006
754250 25942850.499
755250 25943854.785
756250 25944856.16
757250 25945859.201
758250 25946861.018
759250 25947862.198
760250 25948865.39
761250 25949868.528
762250 25950869.5
763250 25951870.453
764250 25952873.08
765250 25953874.663
766250 25954877.177
767250 25955878.773
768250 25956879.875
769250 25957882.677
770250 25958886.895
771250 25959889.315
772250 25960889.893
773250 25961891.136
774250 25962893.632
775250 25963895.98
776250 25964898.136
777250 25965901.31
778250 25966903.834
779250 25967906.838
780250 25968907.794
781250 25969911.711
782250 25970916.38
783250 25971920.884
784250 25972924.969
785250 25973928.165
786250 25974930.856
787250 25975934.669
788250 25976938.126
789250 25977938.5
790250 25978938.5
791250 25979939.936
792250 25980943.817
793250 25981945.161
794250 25982946.5
795250 25983948.989
796250 25984951.476
797250 25985953.755
798250 25986956.5
799250 25987956.948
800250 25988958.648
801250 25989962.145
802250 25990963.891
803250 25991965.824
804250 25992968.662
805250 25993970.116
806250 25994970.557
807250 25995973.06
808250 25996975.195
809250 25997975.5
810250 25998977.667
811250 25999983.092
812250 26000986.5
813250 26001987.758
814250 26002989.457
815250 26003989.5
816250 26004991.667
817250 26005996.615
818250 26007000.523
819250 26008002.324
820250 26009006.846
821250 26010010.986
822250 26011014.382
823250 26012014.5
824250 26013016.612
825250 26014019.904
826250 26015024.6
827250 26016027.965
828250 26017029.233
829250 26018033.87
830250 26019036.208
831250 26020040.053
832250 26021043.758
833250 26022045.045
834250 26023047.033
835250 26024049.83
836250 26025051.538
837250 26026054.307
838250 26027057.894
839250 26028060.887
840250 26029065.789
841250 26030069.809
842250 26031070.5
843250 26032071.198
844250 26033074.512
845250 26034078.018
846250 26035081.261
847250 26036081.525
848250 26037082.65
849250 26038086.96
850250 26039089.414
851250 26040090.979
852250 26041092.984
853250 26042096.136
854250 26043098.056
855250 26044101.722
856250 26045104.726
857250 26046107.077
858250 26047110.724
859250 26048112.695
860250 26049114.647
861250 26050116.794
862250 26051118.628
863250 26052120.744
864250 26053124.739
865250 26054129.384
866250 26055131.886
867250 26056133.642
868250 26057137.194
869250 26058139.143
870250 26059140.947
871250 26060144.038
872250 26061144.592
873250 26062147.007
874250 26063148.444
875250 26064150.5
876250 26065152.191
877250 26066153.05
878250 26067154.885
879250 26068156.977
880250 26069158.405
881250 26070159.169
882250 26071161.126
883250 26072165.687
884250 26073169.248
885250 26074172.76
886250 26075174.461
887250 26076176.512
888250 26077180.408
889250 26078182.5
890250 26079182.829
891250 26080184.771
892250 26081185.984
893250 26082187.064
894250 26083190.501
895250 26084192.922
896250 26085194.125
897250 26086194.5
898250 26087195.221
899250 26088195.5
900250 26089195.5
901250 26090196.699
902250 26091199.078
903250 26092201.498
904250 26093203.572
905250 26094205.463
906250 26095208.914
907250 26096211.137
908250 26097213.078
909250 26098217.751
910250 26099218.628
911250 26100219.5
912250 26101219.637
913250 26102220.5
914250 26103222.315
915250 26104226.054
916250 26105229.76
917250 26106233.625
918250 26107239.005
919250 26108244.764
920250 26109246.834
921250 26110247.5
922250 26111248.186
923250 26112251.727
924250 26113254.5
925250 26114256.404
926250 26115257.862
927250 26116259.678
928250 26117261.048
929250 26118261.779
930250 26119262.5
931250 26120263.211
932250 26121264.592
933250 26122266.282
934250 26123269.136
935250 26124270.5
936250 26125270.923
937250 26126271.735
938250 26127273.704
939250 26128275.751
940250 26129278.113
941250 26130279.5
942250 26131281.393
943250 26132285.134
944250 26133289.274
945250 26134291.204
946250 26135294.04
947250 26136294.959
948250 26137296.415
949250 26138298.146
950250 26139298.584
951250 26140299.608
952250 26141301.917
953250 26142304.322
954250 26143307.956
955250 26144312.157
956250 26145316.053
957250 26146320.02
958250 26147322.529
959250 26148324.502
960250 26149328.826
961250 26150329.873
962250 26151331.643
963250 26152332.5
964250 26153334.783
965250 26154338.121
966250 26155341.688
967250 26156344.846
968250 26157347.994
969250 26158349.278
970250 26159352.085
971250 26160354.087
972250 26161355.958
973250 26162356.643
974250 26163358.634
975250 26164361.817
976250 26165363.258
977250 26166364.603
978250 26167366.157
979250 26168368.036
980250 26169369.349
981250 26170372.542
982250 26171374.289
983250 26172376.516
984250 26173377.5
985250 26174378.853
986250 26175381.123
987250 26176381.587
988250 26177382.866
989250 26178384.628
990250 26179386.524
991250 26180388.432
992250 26181390.17
993250 26182391.065
994250 26183395.441
995250 26184399.955
996250 26185402.114
997250 26186404.16
998250 26187405.225
999250 26188407.393
1000250 26189407.5
1001250 26190409.217
1002250 26191410.898
1003250 26192412.298
1004250 26193413.157
1005250 26194417.177
1006250 26195420.057
1007250 26196422.5
1008250 26197422.844
1009250 26198425.65
1010250 26199428.911
1011250 26200430.5
1012250 26201432.1
1013250 26202434.111
1014250 26203436.985
1015250 26204439.45
1016250 26205442.404
1017250 26206446.036
1018250 26207448.661
1019250 26208449.668
1020250 26209450.733
1021250 26210452.213
1022250 26211453.749
1023250 26212455.777
1024250 26213457.664
1025250 26214458.641
1026250 26215460.432
1027250 26216462.409
1028250 26217464.054
1029250 26218465.5
1030250 26219465.5
1031250 26220466.749
1032250 26221468.925
1033250 26222470.242
1034250 26223472.218
1035250 26224474.442
1036250 26225476.535
1037250 26226480.409
1038250 26227483.311
1039250 26228485.435
1040250 26229486.5
1041250 26230487.09
1042250 26231488.356
1043250 26232490.083
1044250 26233493.268
1045250 26234496.145
1046250 26235496.5
1047250 26236497.72
1048250 26237500.292
1049250 26238502.326
1050250 26239505.429
1051250 26240506.636
1052250 26241508.618
1053250 26242510.478
1054250 26243514.044
1055250 26244514.859
1056250 26245518.977
1057250 26246519.5
1058250 26247520.159
1059250 26248522.743
1060250 26249525.458
1061250 26250530.33
1062250 26251532.891
1063250 26252533.5
1064250 26253535.451
1065250 26254536.996
1066250 26255537.819
1067250 26256540.381
1068250 26257541.187
1069250 26258546.211
1070250 26259549.088
1071250 26260553.246
1072250 26261556.096
1073250 26262556.5
1074250 26263558.315
1075250 26264561.822
1076250 26265564.202
1077250 26266566.688
1078250 26267569.248
1079250 26268571.263
1080250 26269574.647
1081250 26270575.68
1082250 26271577.523
1083250 26272578.788
1084250 26273580.806
1085250 26274583.871
1086250 26275586.923
1087250 26276588.491
1088250 26277588.554
1089250 26278591.228
1090250 26279595.562
1091250 26280597.5
1092250 26281599.78
1093250 26282603.497
1094250 26283604.397
1095250 26284605.385
1096250 26285607.976
1097250 26286608.698
1098250 26287609.866
1099250 26288611.968
1100250 26289614.393
1101250 26290616.726
1102250 26291618.5
1103250 26292618.5
1104250 26293618.5
1105250 26294618.658
1106250 26295620.612
1107250 26296621.948
1108250 26297623.199
1109250 26298624.5
1110250 26299626.496
1111250 26300628.5
1112250 26301629.873
1113250 26302631.832
1114250 26303634.227
1115250 26304636.568
1116250 26305638.471
1117250 26306638.5
1118250 26307640.127
1119250 26308644.314
1120250 26309647.212
1121250 26310648.058
1122250 26311650.3
1123250 26312651.5
1124250 26313652.548
1125250 26314654.5
1126250 26315655.116
1127250 26316657.079
1128250 26317659.319
1129250 26318661.535
1130250 26319663.524
1131250 26320664.99
1132250 26321668.259
1133250 26322670.896
1134250 26323671.612
1135250 26324674.13
1136250 26325676.228
1137250 26326678.735
1138250 26327681.47
1139250 26328681.605
1140250 26329682.5
1141250 26330683.865
1142250 26331685.283
1143250 26332687.661
1144250 26333689.303
1145250 26334690.712
1146250 26335692.085
1147250 26336692.5
1148250 26337693.56
1149250 26338696.218
1150250 26339697.792
1151250 26340699.54
1152250 26341700.997
1153250 26342703.276
1154250 26343704.974
1155250 26344708.12
1156250 26345709.578
1157250 26346711.308
1158250 26347711.519
1159250 26348712.5
1160250 26349713.203
1161250 26350714.062
1162250 26351714.638
1163250 26352717.702
1164250 26353720.553
1165250 26354722.294
1166250 26355723.006
1167250 26356723.688
1168250 26357725.777
1169250 26358727.615
1170250 26359729.852
1171250 26360730.5
1172250 26361732.465
1173250 26362735.867
1174250 26363737.446
1175250 26364740.751
1176250 26365743.285
1177250 26366744.181
1178250 26367744.782
1179250 26368747.224
1180250 26369748.779
1181250 26370750.413
1182250 26371752.044
1183250 26372754.193
1184250 26373756.877
1185250 26374757.5
1186250 26375758.27
1187250 26376759.488
1188250 26377760.894
1189250 26378762.503
1190250 26379766.184
1191250 26380771.479
1192250 26381775.07
1193250 26382775.966
1194250 26383776.534
1195250 26384778.5
1196250 26385779.103
1197250 26386779.553
1198250 26387783.465
1199250 26388786.826
1200250 26389787.531
1201250 26390790.29
1202250 26391792.579
1203250 26392793.5
1204250 26393793.857
1205250 26394795.791
1206250 26395797.654
1207250 26396799.324
1208250 26397800.5
1209250 26398800.5
1210250 26399802.111
1211250 26400803.971
1212250 26401804.5
1213250 26402805.424
1214250 26403807.096
1215250 26404809.645
1216250 26405811.845
1217250 26406813.073
1218250 26407813.986
1219250 26408814.736
1220250 26409816.974
1221250 26410818.897
1222250 26411819.5
1223250 26412819.6
1224250 26413821.031
1225250 26414821.5
1226250 26415822.288
1227250 26416824.947
1228250 26417826.965
1229250 26418828.5
1230250 26419829.876
1231250 26420832.5
1232250 26421832.915
1233250 26422834.455
1234250 26423836.581
1235250 26424838.513
1236250 26425840.261
1237250 26426843.121
1238250 26427844.82
1239250 26428847.177
1240250 26429848.77
1241250 26430851.17
1242250 26431853.363
1243250 26432854.541
1244250 26433857.329
1245250 26434860.169
1246250 26435864.0
1247250 26436866.5
1248250 26437866.522
1249250 26438867.5
1250250 26439867.801
1251250 26440868.5
1252250 26441869.29
1253250 26442871.758
1254250 26443873.827
1255250 26444875.342
1256250 26445875.874
1257250 26446878.734
1258250 26447880.069
1259250 26448882.705
1260250 26449885.451
1261250 26450885.955
1262250 26451886.5
1263250 26452886.5
1264250 26453886.777
1265250 26454888.393
1266250 26455889.5
1267250 26456889.5
1268250 26457890.377
1269250 26458890.5
1270250 26459891.22
1271250 26460892.069
1272250 26461893.06
1273250 26462895.75
1274250 26463898.61
1275250 26464900.882
1276250 26465901.5
1277250 26466901.5
1278250 26467902.955
1279250 26468904.928
1280250 26469907.003
1281250 26470907.687
1282250 26471909.897
1283250 26472910.728
1284250 26473912.844
1285250 26474913.834
1286250 26475915.231
1287250 26476915.5
1288250 26477915.5
1289250 26478916.446
1290250 26479917.534
1291250 26480919.805
1292250 26481921.665
1293250 26482923.59
1294250 26483926.431
1295250 26484926.959
1296250 26485928.5
1297250 26486930.379
1298250 26487931.5
1299250 26488931.893
1300250 26489934.435
1301250 26490936.704
1302250 26491938.453
1303250 26492938.5
1304250 26493938.5
1305250 26494938.5
1306250 26495939.356
1307250 26496940.01
1308250 26497942.229
1309250 26498945.521
1310250 26499948.651
1311250 26500951.521
1312250 26501953.775
1313250 26502955.261
1314250 26503956.775
1315250 26504958.5
1316250 26505958.923
1317250 26506961.247
1318250 26507962.85
1319250 26508964.573
1320250 26509966.08
1321250 26510967.709
1322250 26511969.313
1323250 26512970.811
1324250 26513973.23
1325250 26514973.5
1326250 26515973.5
1327250 26516974.429
1328250 26517976.847
1329250 26518977.736
1330250 26519979.027
1331250 26520983.672
1332250 26521987.276
1333250 26522989.175
1334250 26523989.816
1335250 26524992.595
1336250 26525994.727
1337250 26526996.603
1338250 26527998.469
1339250 26528999.745
1340250 26530002.671
1341250 26531003.5
1342250 26532003.829
1343250 26533005.121
1344250 26534008.681
1345250 26535009.5
1346250 26536011.468
1347250 26537012.907
1348250 26538013.773
1349250 26539015.482
1350250 26540016.139
1351250 26541018.761
1352250 26542020.537
1353250 26543022.772
1354250 26544027.061
1355250 26545030.383
1356250 26546030.833
1357250 26547032.5
1358250 26548033.226
1359250 26549035.489
1360250 26550039.409
1361250 26551041.685
1362250 26552042.5
1363250 26553042.747
1364250 26554046.637
1365250 26555049.481
1366250 26556051.064
1367250 26557053.498
1368250 26558056.993
1369250 26559058.5
1370250 26560059.036
1371250 26561060.163
1372250 26562061.504
1373250 26563062.512
1374250 26564064.21
1375250 26565068.34
1376250 26566069.5
1377250 26567069.5
1378250 26568071.533
1379250 26569072.5
1380250 26570074.411
1381250 26571076.0
1382250 26572077.624
1383250 26573079.505
1384250 26574082.832
1385250 26575083.923
1386250 26576084.795
1387250 26577087.085
1388250 26578087.5
1389250 26579088.242
1390250 26580089.474
1391250 26581090.469
1392250 26582093.554
1393250 26583095.368
1394250 26584098.548
1395250 26585100.464
1396250 26586101.604
1397250 26587103.189
1398250 26588103.5
1399250 26589104.242
1400250 26590105.494
1401250 26591106.65
1402250 26592107.5
1403250 26593108.585
1404250 26594110.395
1405250 26595111.823
1406250 26596114.84
1407250 26597117.11
1408250 26598118.832
1409250 26599120.46
1410250 26600121.288
1411250 26601122.5
1412250 26602123.566
1413250 26603125.467
1414250 26604125.578
1415250 26605126.663
1416250 26606127.825
1417250 26607129.5
1418250 26608129.59
1419250 26609130.7
1420250 26610131.941
1421250 26611132.57
1422250 26612134.657
1423250 26613136.423
1424250 26614140.147
1425250 26615143.687
1426250 26616146.731
1427250 26617149.37
1428250 26618150.724
1429250 26619152.334
1430250 26620153.4
1431250 26621153.966
1432250 26622155.861
1433250 26623157.22
1434250 26624158.998
1435250 26625160.5
1436250 26626162.615
1437250 26627165.45
1438250 26628165.5
1439250 26629167.447
1440250 26630169.11
1441250 26631170.808
1442250 26632171.821
1443250 26633173.107
1444250 26634174.5
1445250 26635175.895
1446250 26636177.233
1447250 26637178.56
1448250 26638180.532
1449250 26639181.983
1450250 26640182.5
1451250 26641184.08
1452250 26642185.5
1453250 26643186.147
1454250 26644188.577
1455250 26645192.219
1456250 26646194.197
1457250 26647196.178
1458250 26648197.261
1459250 26649197.809
1460250 26650199.654
1461250 26651203.263
1462250 26652205.239
1463250 26653205.5
1464250 26654205.5
1465250 26655205.5
1466250 26656205.578
1467250 26657207.066
1468250 26658210.012
1469250 26659210.5
1470250 26660210.5
1471250 26661211.173
1472250 26662211.5
1473250 26663212.18
1474250 26664215.325
1475250 26665216.366
1476250 26666216.5
1477250 26667216.675
1478250 26668217.5
1479250 26669218.308
1480250 26670219.944
1481250 26671221.439
1482250 26672221.5
1483250 26673223.126
1484250 26674224.5
1485250 26675224.944
1486250 26676226.5
1487250 26677226.5
1488250 26678226.816
1489250 26679227.511
1490250 26680231.031
1491250 26681232.818
1492250 26682233.5
1493250 26683234.494
1494250 26684237.177
1495250 26685239.369
1496250 26686240.904
1497250 26687242.638
1498250 26688244.507
1499250 26689247.464
1500250 26690248.919
1501250 26691250.367
1502250 26692250.5
1503250 26693250.849
1504250 26694252.407
1505250 26695252.5
1506250 26696254.877
1507250 26697255.5
1508250 26698256.531
1509250 26699258.417
1510250 26700258.86
1511250 26701259.5
1512250 26702259.5
1513250 26703259.5
1514250 26704259.598
1515250 26705261.411
1516250 26706262.611
1517250 26707263.5
1518250 26708263.5
1519250 26709263.789
1520250 26710265.21
1521250 26711266.6
1522250 26712267.952
1523250 26713270.774
1524250 26714271.5
1525250 26715271.5
1526250 26716271.747
1527250 26717275.351
1528250 26718277.5
1529250 26719278.594
1530250 26720279.987
1531250 26721280.918
1532250 26722283.084
1533250 26723284.543
1534250 26724286.073
1535250 26725288.249
1536250 26726289.5
1537250 26727289.766
1538250 26728291.107
1539250 26729291.5
1540250 26730292.193
1541250 26731292.563
1542250 26732294.789
1543250 26733296.47
1544250 26734297.5
1545250 26735298.322
1546250 26736299.66
1547250 26737301.241
1548250 26738303.369
1549250 26739303.5
1550250 26740303.603
1551250 26741304.5
1552250 26742304.5
1553250 26743305.135
1554250 26744306.116
1555250 26745306.947
1556250 26746308.5
1557250 26747308.66
1558250 26748310.31
1559250 26749311.759
1560250 26750313.309
1561250 26751315.337
1562250 26752317.5
1563250 26753318.284
1564250 26754318.891
1565250 26755319.5
1566250 26756320.046
1567250 26757321.5
1568250 26758322.538
1569250 26759326.032
1570250 26760327.274
1571250 26761328.393
1572250 26762330.136
1573250 26763332.5
1574250 26764332.5
1575250 26765333.266
1576250 26766334.349
1577250 26767335.197
1578250 26768335.5
1579250 26769336.075
1580250 26770337.337
1581250 26771339.046
1582250 26772339.746
1583250 26773340.779
1584250 26774341.894
1585250 26775343.153
1586250 26776344.557
1587250 26777347.148
1588250 26778350.167
1589250 26779351.255
1590250 26780351.669
1591250 26781353.267
1592250 26782354.357
1593250 26783356.302
1594250 26784358.874
1595250 26785361.472
1596250 26786361.5
1597250 26787361.921
1598250 26788362.5
1599250 26789363.083
1600250 26790364.083
1601250 26791367.036
1602250 26792369.02
1603250 26793370.791
1604250 26794371.624
1605250 26795374.319
1606250 26796374.5
1607250 26797374.5
1608250 26798375.517
1609250 26799377.16
1610250 26800378.486
1611250 26801378.5
1612250 26802378.964
1613250 26803379.5
1614250 26804379.5
1615250 26805379.58
1616250 26806380.5
1617250 26807380.884
1618250 26808382.126
1619250 26809382.5
1620250 26810383.79
1621250 26811384.5
1622250 26812386.124
1623250 26813388.349
1624250 26814389.354
1625250 26815389.564
1626250 26816391.285
1627250 26817391.967
1628250 26818394.004
1629250 26819394.5
1630250 26820396.508
1631250 26821397.567
1632250 26822398.5
1633250 26823398.5
1634250 26824398.997
1635250 26825401.28
1636250 26826401.5
1637250 26827402.559
1638250 26828404.5
1639250 26829407.409
1640250 26830409.5
1641250 26831410.283
1642250 26832412.043
1643250 26833412.5
1644250 26834413.519
1645250 26835414.927
1646250 26836416.168
1647250 26837416.5
1648250 26838416.953
1649250 26839419.639
1650250 26840421.103
1651250 26841421.609
1652250 26842423.889
1653250 26843424.5
1654250 26844424.5
1655250 26845425.931
1656250 26846426.969
1657250 26847427.5
1658250 26848427.648
1659250 26849429.5
1660250 26850431.015
1661250 26851432.492
1662250 26852433.249
1663250 26853433.5
1664250 26854434.089
1665250 26855434.5
1666250 26856435.917
1667250 26857436.517
1668250 26858437.965
1669250 26859440.164
1670250 26860440.984
1671250 26861443.117
1672250 26862444.5
1673250 26863445.005
1674250 26864445.5
1675250 26865447.219
1676250 26866448.671
1677250 26867450.906
1678250 26868454.17
1679250 26869456.037
1680250 26870458.428
1681250 26871459.48
1682250 26872459.86
1683250 26873463.059
1684250 26874465.427
1685250 26875465.857
1686250 26876466.5
1687250 26877466.5
1688250 26878467.589
1689250 26879469.207
1690250 26880470.5
1691250 26881470.5
1692250 26882471.477
1693250 26883473.216
1694250 26884475.33
1695250 26885478.507
1696250 26886480.369
1697250 26887480.751
1698250 26888483.5
1699250 26889483.5
1700250 26890484.168
1701250 26891485.312
1702250 26892489.127
1703250 26893490.61
1704250 26894491.815
1705250 26895493.851
1706250 26896495.5
1707250 26897495.5
1708250 26898498.015
1709250 26899498.999
1710250 26900500.921
1711250 26901501.5
1712250 26902502.464
1713250 26903503.5
1714250 26904503.5
1715250 26905503.5
1716250 26906503.5
1717250 26907503.5
1718250 26908503.869
1719250 26909505.5
1720250 26910506.278
1721250 26911507.5
1722250 26912507.5
1723250 26913508.301
1724250 26914508.978
1725250 26915509.968
1726250 26916511.809
1727250 26917513.5
1728250 26918514.013
1729250 26919514.5
1730250 26920514.5
1731250 26921515.329
1732250 26922516.229
1733250 26923517.5
1734250 26924518.592
1735250 26925519.5
1736250 26926519.533
1737250 26927521.697
1738250 26928523.407
1739250 26929523.5
1740250 26930523.644
1741250 26931526.121
1742250 26932526.5
1743250 26933527.102
1744250 26934527.5
1745250 26935527.5
1746250 26936527.895
1747250 26937529.058
1748250 26938529.5
1749250 26939530.232
1750250 26940530.996
1751250 26941532.428
1752250 26942533.763
1753250 26943535.5
1754250 26944535.5
1755250 26945535.765
1756250 26946537.898
1757250 26947539.5
1758250 26948539.5
1759250 26949539.5
1760250 26950539.5
1761250 26951540.919
1762250 26952541.5
1763250 26953542.031
1764250 26954543.5
1765250 26955544.362
1766250 26956544.626
1767250 26957546.138
1768250 26958546.5
1769250 26959546.5
1770250 26960547.185
1771250 26961547.5
1772250 26962548.905
1773250 26963551.568
1774250 26964553.315
1775250 26965553.5
1776250 26966553.5
1777250 26967553.965
1778250 26968555.576
1779250 26969556.961
1780250 26970558.428
1781250 26971559.474
1782250 26972561.175
1783250 26973562.168
1784250 26974562.5
1785250 26975562.5
1786250 26976564.325
1787250 26977565.091
1788250 26978565.5
1789250 26979565.5
1790250 26980565.5
1791250 26981565.5
1792250 26982565.5
1793250 26983565.5
1794250 26984565.5
1795250 26985566.857
1796250 26986567.989
1797250 26987571.342
1798250 26988571.5
1799250 26989571.5
1800250 26990572.381
1801250 26991572.5
1802250 26992575.446
1803250 26993576.5
1804250 26994577.48
1805250 26995578.451
1806250 26996579.684
1807250 26997580.5
1808250 26998580.5
1809250 26999580.598
1810250 27000581.5
1811250 27001583.05
1812250 27002583.689
1813250 27003585.383
1814250 27004587.112
1815250 27005587.755
1816250 27006588.5
1817250 27007590.445
1818250 27008591.5
1819250 27009592.746
1820250 27010593.5
1821250 27011594.129
1822250 27012596.5
1823250 27013597.152
1824250 27014598.916
1825250 27015600.217
1826250 27016601.245
1827250 27017601.5
1828250 27018602.183
1829250 27019602.5
1830250 27020603.041
1831250 27021603.5
1832250 27022604.232
1833250 27023605.5
1834250 27024605.69
1835250 27025607.42
1836250 27026607.5
1837250 27027609.05
1838250 27028609.5
1839250 27029609.5
1840250 27030610.374
1841250 27031611.998
1842250 27032613.5
1843250 27033613.5
1844250 27034614.855
1845250 27035616.5
1846250 27036616.537
1847250 27037617.5
1848250 27038618.489
1849250 27039618.5
1850250 27040618.746
1851250 27041619.5
1852250 27042619.707
1853250 27043620.5
1854250 27044620.915
1855250 27045621.898
1856250 27046622.5
1857250 27047622.5
1858250 27048622.537
1859250 27049623.5
1860250 27050623.5
1861250 27051623.961
1862250 27052624.5
1863250 27053625.015
1864250 27054626.5
1865250 27055628.278
1866250 27056629.171
1867250 27057630.352
1868250 27058630.5
1869250 27059630.5
1870250 27060630.5
1871250 27061630.5
1872250 27062631.868
1873250 27063633.061
1874250 27064635.518
1875250 27065636.74
1876250 27066637.819
1877250 27067638.5
1878250 27068639.475
1879250 27069640.5
1880250 27070641.874
1881250 27071643.5
1882250 27072643.5
1883250 27073643.5
1884250 27074643.5
1885250 27075644.007
1886250 27076644.507
1887250 27077645.5
1888250 27078645.5
1889250 27079646.016
1890250 27080647.5
1891250 27081647.5
1892250 27082647.5
1893250 27083648.376
1894250 27084650.774
1895250 27085652.676
1896250 27086654.174
1897250 27087654.829
1898250 27088655.5
1899250 27089655.5
1900250 27090655.557
1901250 27091656.5
1902250 27092657.152
1903250 27093657.633
1904250 27094658.906
1905250 27095659.5
1906250 27096659.5
1907250 27097659.5
1908250 27098660.3
1909250 27099661.807
1910250 27100662.5
1911250 27101663.123
1912250 27102663.717
1913250 27103665.259
1914250 27104666.391
1915250 27105667.574
1916250 27106668.5
1917250 27107669.414
1918250 27108671.62
1919250 27109672.5
1920250 27110672.5
1921250 27111673.173
1922250 27112673.5
1923250 27113673.5
1924250 27114674.637
1925250 27115676.882
1926250 27116677.589
1927250 27117678.5
1928250 27118678.5
1929250 27119678.5
1930250 27120681.03
1931250 27121682.627
1932250 27122683.5
1933250 27123684.573
1934250 27124687.697
1935250 27125689.049
1936250 27126690.354
1937250 27127691.97
1938250 27128693.079
1939250 27129693.5
1940250 27130693.5
1941250 27131693.5
1942250 27132693.5
1943250 27133693.5
1944250 27134693.5
1945250 27135693.5
1946250 27136694.448
1947250 27137694.5
1948250 27138694.5
1949250 27139694.5
1950250 27140694.5
1951250 27141694.5
1952250 27142694.932
1953250 27143698.179
1954250 27144698.854
1955250 27145699.5
1956250 27146699.5
1957250 27147699.5
1958250 27148699.5
1959250 27149700.188
1960250 27150701.5
1961250 27151701.5
1962250 27152701.5
1963250 27153701.5
1964250 27154701.5
1965250 27155701.5
1966250 27156701.5
1967250 27157701.5
1968250 27158701.5
1969250 27159701.5
1970250 27160701.5
1971250 27161702.816
1972250 27162704.154
1973250 27163704.5
1974250 27164706.702
1975250 27165707.5
1976250 27166707.5
1977250 27167707.835
1978250 27168708.5
1979250 27169709.424
1980250 27170710.5
1981250 27171710.5
1982250 27172710.5
1983250 27173712.128
1984250 27174714.5
1985250 27175715.387
1986250 27176716.5
1987250 27177716.97
1988250 27178718.059
1989250 27179718.5
1990250 27180718.5
1991250 27181718.947
1992250 27182719.5
1993250 27183719.645
1994250 27184721.18
1995250 27185721.5
1996250 27186721.5
1997250 27187722.272
1998250 27188723.002
1999250 27189724.437
2000250 27190724.5
2001250 27191724.5
2002250 27192725.493
2003250 27193725.925
2004250 27194726.5
2005250 27195727.115
2006250 27196728.263
2007250 27197730.445
2008250 27198732.5
2009250 27199733.242
2010250 27200733.5
2011250 27201733.5
2012250 27202733.951
2013250 27203734.5
2014250 27204734.5
2015250 27205734.937
2016250 27206735.5
2017250 27207735.766
2018250 27208736.756
2019250 27209737.5
2020250 27210737.5
2021250 27211738.344
2022250 27212738.5
2023250 27213739.106
2024250 27214740.5
2025250 27215741.112
2026250 27216741.5
2027250 27217741.5
2028250 27218741.5
2029250 27219742.545
2030250 27220743.5
2031250 27221743.5
2032250 27222743.834
2033250 27223744.652
2034250 27224745.5
2035250 27225745.938
2036250 27226746.707
2037250 27227747.621
2038250 27228748.5
2039250 27229749.188
2040250 27230749.5
2041250 27231750.723
2042250 27232751.5
2043250 27233751.5
2044250 27234751.5
2045250 27235752.128
2046250 27236752.5
2047250 27237754.082
2048250 27238755.5
2049250 27239756.46
2050250 27240756.5
2051250 27241757.292
2052250 27242757.881
2053250 27243759.467
2054250 27244760.5
2055250 27245761.225
2056250 27246761.965
2057250 27247762.5
2058250 27248762.5
2059250 27249762.5
2060250 27250762.5
2061250 27251762.5
2062250 27252762.877
2063250 27253763.582
2064250 27254765.352
2065250 27255767.386
2066250 27256768.5
2067250 27257768.5
2068250 27258769.076
2069250 27259769.5
2070250 27260769.5
2071250 27261771.044
2072250 27262773.129
2073250 27263775.808
2074250 27264776.5
2075250 27265776.969
2076250 27266777.5
2077250 27267777.929
2078250 27268778.791
2079250 27269779.894
2080250 27270780.5
2081250 27271780.5
2082250 27272780.5
2083250 27273780.5
2084250 27274781.411
2085250 27275782.51
2086250 27276784.362
2087250 27277784.5
2088250 27278785.182
2089250 27279787.379
2090250 27280789.437
2091250 27281789.5
2092250 27282790.22
2093250 27283791.266
2094250 27284792.33
2095250 27285793.01
2096250 27286793.5
2097250 27287793.5
2098250 27288793.5
2099250 27289794.472
2100250 27290794.5
2101250 27291795.6
2102250 27292797.053
2103250 27293798.5
2104250 27294799.499
2105250 27295799.5
2106250 27296800.042
2107250 27297800.5
2108250 27298800.772
2109250 27299801.5
2110250 27300801.5
2111250 27301801.5
2112250 27302801.5
2113250 27303801.924
2114250 27304803.227
2115250 27305803.5
2116250 27306803.5
2117250 27307803.5
2118250 27308803.5
2119250 27309804.085
2120250 27310806.078
2121250 27311807.101
2122250 27312807.5
2123250 27313807.5
2124250 27314807.723
2125250 27315808.5
2126250 27316808.561
2127250 27317809.5
2128250 27318809.671
2129250 27319810.5
2130250 27320810.5
2131250 27321810.631
2132250 27322811.5
2133250 27323811.751
2134250 27324813.178
2135250 27325814.488
2136250 27326814.5
2137250 27327814.5
2138250 27328814.5
2139250 27329814.5
2140250 27330814.544
2141250 27331815.5
2142250 27332815.5
2143250 27333816.054
2144250 27334817.424
2145250 27335817.5
2146250 27336817.532
2147250 27337818.856
2148250 27338819.5
2149250 27339819.5
2150250 27340819.5
2151250 27341820.398
2152250 27342821.047
2153250 27343822.5
2154250 27344822.5
2155250 27345822.5
2156250 27346822.5
2157250 27347823.435
2158250 27348823.5
2159250 27349823.5
2160250 27350824.011
2161250 27351824.5
2162250 27352824.5
2163250 27353824.5
2164250 27354824.5
2165250 27355824.5
2166250 27356824.5
2167250 27357825.037
2168250 27358825.5
2169250 27359825.5
2170250 27360825.5
2171250 27361825.5
2172250 27362826.214
2173250 27363826.5
2174250 27364826.5
2175250 27365826.5
2176250 27366826.903
2177250 27367827.5
2178250 27368827.5
2179250 27369827.5
2180250 27370827.5
2181250 27371827.5
2182250 27372827.5
2183250 27373827.5
2184250 27374827.5
2185250 27375827.5
2186250 27376827.5
2187250 27377829.119
2188250 27378829.5
2189250 27379830.117
2190250 27380830.5
2191250 27381830.5
2192250 27382830.5
2193250 27383830.5
2194250 27384830.5
2195250 27385830.5
2196250 27386830.5
2197250 27387830.701
2198250 27388831.989
2199250 27389832.5
2200250 27390832.828
2201250 27391833.5
2202250 27392834.309
2203250 27393834.646
2204250 27394835.698
2205250 27395836.5
2206250 27396836.5
2207250 27397836.5
2208250 27398836.5
2209250 27399836.5
2210250 27400837.307
2211250 27401838.898
2212250 27402839.5
2213250 27403839.89
2214250 27404840.911
2215250 27405841.5
2216250 27406841.5
2217250 27407841.5
2218250 27408841.5
2219250 27409841.5
2220250 27410841.5
2221250 27411841.5
2222250 27412841.5
2223250 27413843.117
2224250 27414843.5
2225250 27415843.5
2226250 27416843.5
2227250 27417843.585
2228250 27418844.5
2229250 27419844.5
2230250 27420844.5
2231250 27421844.5
2232250 27422844.5
2233250 27423844.5
2234250 27424844.5
2235250 27425845.13
2236250 27426845.5
2237250 27427846.308
2238250 27428846.5
2239250 27429847.116
2240250 27430847.642
2241250 27431848.5
2242250 27432849.072
2243250 27433849.5
2244250 27434849.5
2245250 27435849.5
2246250 27436849.5
2247250 27437849.702
2248250 27438850.5
2249250 27439850.5
2250250 27440850.5
2251250 27441850.5
2252250 27442851.245
2253250 27443851.5
2254250 27444851.5
2255250 27445852.365
2256250 27446854.102
2257250 27447854.5
2258250 27448855.496
2259250 27449855.5
2260250 27450855.5
2261250 27451855.5
2262250 27452855.5
2263250 27453855.5
2264250 27454855.5
2265250 27455855.5
2266250 27456855.5
2267250 27457855.5
2268250 27458856.42
2269250 27459856.5
2270250 27460856.5
2271250 27461856.5
2272250 27462856.5
2273250 27463856.5
2274250 27464856.825
2275250 27465857.556
2276250 27466858.5
2277250 27467858.5
2278250 27468859.205
2279250 27469859.5
2280250 27470859.5
2281250 27471859.5
2282250 27472859.5
2283250 27473859.5
2284250 27474859.5
2285250 27475859.5
2286250 27476859.5
2287250 27477859.5
2288250 27478859.5
2289250 27479860.409
2290250 27480860.5
2291250 27481860.5
2292250 27482860.5
2293250 27483860.5
2294250 27484860.5
2295250 27485860.5
2296250 27486860.5
2297250 27487860.5
2298250 27488860.5
2299250 27489860.5
2300250 27490860.5
2301250 27491860.5
2302250 27492860.5
2303250 27493860.5
2304250 27494860.5
2305250 27495860.5
2306250 27496860.5
2307250 27497860.59
2308250 27498861.5
2309250 27499861.5
2310250 27500861.5
2311250 27501861.932
2312250 27502862.5
2313250 27503862.5
2314250 27504862.5
2315250 27505862.5
2316250 27506862.5
2317250 27507862.5
2318250 27508862.5
2319250 27509863.062
2320250 27510863.5
2321250 27511863.577
2322250 27512864.5
2323250 27513864.5
2324250 27514864.5
2325250 27515864.5
2326250 27516864.5
2327250 27517864.5
2328250 27518864.5
2329250 27519864.5
2330250 27520864.5
2331250 27521864.5
2332250 27522865.246
2333250 27523865.5
2334250 27524865.5
2335250 27525865.5
2336250 27526865.5
2337250 27527865.5
2338250 27528865.5
2339250 27529865.5
2340250 27530865.5
2341250 27531865.5
2342250 27532865.5
2343250 27533865.5
2344250 27534865.5
2345250 27535865.5
2346250 27536865.5
2347250 27537865.5
2348250 27538865.5
2349250 27539865.5
2350250 27540865.578
2351250 27541866.5
2352250 27542866.5
2353250 27543866.5
2354250 27544866.5
2355250 27545866.5
2356250 27546866.5
2357250 27547866.5
2358250 27548866.5
2359250 27549866.5
2360250 27550866.5
2361250 27551866.5
2362250 27552866.5
2363250 27553866.5
2364250 27554866.5
2365250 27555866.5
2366250 27556866.5
2367250 27557866.672
2368250 27558867.5
2369250 27559867.5
2370250 27560867.5
2371250 27561867.5
2372250 27562867.5
2373250 27563867.5
2374250 27564867.5
2375250 27565867.5
2376250 27566867.5
2377250 27567867.5
2378250 27568867.5
2379250 27569867.5
2380250 27570867.5
2381250 27571867.5
2382250 27572867.5
2383250 27573867.5
2384250 27574867.5
2385250 27575867.5
2386250 27576867.5
2387250 27577867.5
2388250 27578867.5
2389250 27579867.5
2390250 27580867.5
2391250 27581867.5
2392250 27582867.5
2393250 27583867.5
2394250 27584867.5
