404.733 1228023.084354377
700.152 962984.2901099792
994.891 861720.2270483379
1263.81 762431.1781614539
1479.65 672596.1730911782
1663.73 580944.1764450241
1848.4 445389.90090431564
2026.95 365728.9610753291
2276.26 218557.39039749693
2510.04 194869.95893575178
2610.54 371598.9552238806
2696.92 369674.6816392679
2776.55 328265.5029511486
2842.24 338233.2775156057
2910.24 278153.8088235294
2967.01 291540.7081204839
3013.48 306465.33247256425
3057.93 275633.94825646904
3093.79 288185.47127718804
3125.2 290115.9503342898
3152.47 282008.7642097545
3176.99 273163.86623164784
3199.75 266456.370826008
3225.47 206066.7962674977
3243.16 250268.56981345316
3260.08 235294.32624113373
3278.26 197896.47964796162
3291.96 228246.27737226582
3302.92 250817.7919708021
3315.24 187001.70454545895
3323.18 254161.33501259272
3330.4 254939.33518004642
3337.45 237714.32624114395
3343.65 244236.2903225699
3348.46 271178.5862785894
3352.83 251636.38443936556
3358.17 202250.5617977473
3361.61 262859.0116279028
3364.78 253836.90851734433
3367.99 223854.2056075058
3371.74 181385.06666666668
3374.63 211343.94463665425
3376.83 247477.2727272932
3378.73 251777.89473683006
3380.84 214424.1706161008
3382.65 216285.0828729347
3383.9 285268.8
3385.13 273008.94308942684
3386.3 273526.4957264787
3387.29 266334.34343440214
3388.35 219866.0377358604
3389.23 258322.72727269522
3390.4 173530.76923075845
3391.35 187718.94736845698
3392.16 219844.44444445925
3392.72 271785.71428574075
3393.29 252724.56140343618
3393.75 289799.99999997707
3394.36 193765.57377045136
3394.88 205890.3846153918
3395.31 249090.69767451345
3395.75 231429.54545451674
3396.27 168607.6923076982
3396.64 226754.05405412093
3396.94 264626.6666665062
3397.31 191535.13513519164
3397.68 175654.05405410586
3397.89 289147.61904756894
3398.19 192489.9999998833
3398.54 146708.57142860955
3398.93 131205.12820517103
3399.78 55362.35294115278
3400.46 64716.176470603816
3400.83 108443.24324327522
3401.1 135688.88888889804
3401.27 202282.3529410899
3401.55 123228.57142848337
3401.74 162415.7894740263
3401.88 217992.85714234732
3402.19 81041.93548388523
3402.38 142873.68421048528
3402.59 123890.47619045473
3402.74 143580.00000034823
3402.88 158407.14285677238
3403.05 122188.23529406535
3403.32 73585.18518519014
3403.46 132135.71428583446
3403.54 221400.00000020137
3403.76 70963.63636355422
3403.9 121114.28571439587
3404.05 108166.66666660109
3404.21 96425.0000000877
3404.35 97585.71428580304
3404.46 115136.36363623037
3404.65 72205.263157874
3404.78 86923.07692300394
3404.85 167828.5714292692
3405.08 47034.78260869193
3405.34 42319.23076919524
3405.45 95963.636363922
3405.65 48624.999999933665
3405.98 30333.333333340022
3406.16 52588.888888936715
3406.25 100866.66666650357
3406.32 131157.14285683612
3406.5 43661.11111115082
3406.71 37614.2857142792
3406.88 44570.58823527504
3406.94 128983.33333345065
3407.15 33033.33333332761
3407.5 19831.428571433724
3407.62 52175.000000047454
3407.87 27504.0
3407.99 58316.666666719706
3408.13 47007.14285703292
3408.31 33622.2222222528
3408.79 14585.416666666113
3408.96 31758.82352939817
3409.17 27061.904761900074
3409.32 37579.99999997721
3409.52 27625.000000025124
3409.67 33466.66666664637
3409.79 48908.333333377814
3409.97 28805.555555581755
3410.12 33099.99999997993
3410.6 10216.666666666279
3410.71 38863.63636359138
3410.92 21071.42857142492
3411.4 9491.666666666308
3411.57 27458.82352940001
3411.78 18642.857142853914
3411.97 23768.42105268164
3412.23 15480.769230756234
3412.48 14752.0
3412.64 25456.250000023152
3412.87 16560.869565216082
3413.15 14582.142857132436
3413.27 30300.000000027558
3413.49 18345.45454547123
3413.72 16069.565217390033
3413.85 26992.30769228503
3413.97 25350.000000023058
3414.17 16069.999999978078
3414.32 21619.999999986892
3414.49 18600.000000041793
3414.59 30919.999999887514
3414.79 15740.000000014315
3414.97 15922.222222236704
3415.06 38122.222222160584
3415.25 16899.999999995147
3415.69 7418.1818181808985
3415.8 25018.181818152858
3416.13 8157.575757577556
3416.37 11616.666666677233
3416.56 13905.263157890744
3416.76 14289.999999980506
3416.89 22761.538461598975
3417.11 12468.181818167386
3417.26 20033.333333321185
3417.42 16737.50000001522
3417.58 16931.2500000154
3417.76 12866.666666645862
3417.92 15750.000000014325
3418.14 10945.4545454645
3418.34 11294.999999984591
3418.46 20100.00000001828
3418.65 12952.631578943648
3418.92 9355.555555556186
3419.13 10819.047619045745
3419.28 14946.666666657604
3419.47 12200.000000025695
3419.71 8983.333333324483
3419.89 12400.000000011278
3420.07 11061.111111093227
3420.19 18275.000000016622
3420.41 10659.090909100603
3420.68 8544.44444444502
3420.83 13146.666666658695
3421.26 4874.4186046478635
3421.42 12106.25000001101
3421.63 8919.047619046074
3421.81 11105.555555565656
3422.2 4323.076923078334
3422.46 7153.846153840148
3422.65 10178.947368418128
3422.82 12452.941176465258
3423.18 5444.4444444493965
3423.45 6637.037037037484
3423.86 4675.609756094034
3424.09 8804.34782608626
3424.22 15423.076923117926
3424.48 6780.769230763538
3424.67 9626.31578947092
3425.02 5000.0000000013
3425.29 5918.5185185189175
3425.82 3313.2075471685607
3426.07 7136.0
3426.44 4586.486486487839
3426.71 6714.814814815267
3427.0 6120.689655173182
3427.26 6392.307692302325
3427.62 4291.66666667057
3427.84 7490.90909090042
3428.1 6276.923076928786
3428.37 6185.185185185602
3428.71 4711.764705880336
3428.98 6025.925925926332
3429.33 4654.285714286923
3429.66 4854.5454545465245
3429.92 6707.692307686676
3430.09 9182.352941172541
3430.44 4457.142857144016
3431.2 2102.6315789480227
3431.45 6628.0
3431.85 3989.999999999093
3432.41 2491.0714285716713
3432.72 4958.064516129905
3433.0 5396.428571424715
3433.21 7019.047619046403
3433.47 5450.000000004957
3433.83 3972.2222222208175
3434.09 5407.692307687767
3434.32 6556.521739129917
3434.6 5196.428571433297
3434.95 4780.000000001242
3435.31 4186.111111109631
3435.54 6413.0434782603625
3435.89 4117.142857143927
3436.75 1649.9999999997558
3437.14 3817.9487179499642
3437.73 2416.9491525417766
3438.44 1995.7746478872216
3438.91 3085.106382980037
3439.43 2673.0769230770165
3439.96 2815.094339621579
3440.62 2281.818181818685
3441.3 2266.176470587265
3441.84 2729.6296296298137
3442.68 1725.000000000635
3443.18 2994.0
3443.78 2194.999999998669
3445.12 984.3283582091824
3445.85 1809.5890410958452
3446.38 2467.924528300955
3447.23 1523.5294117648689
3447.74 2556.862745099225
3448.96 1059.016393442402
3449.68 1786.1111111116074
3450.08 3262.4999999992583
3450.43 3831.428571429567
3450.89 2847.8260869562964
3451.18 4296.55172413847
3451.68 2756.0
3452.06 3460.5263157884797
3452.58 2501.9230769231644
3453.39 1527.1604938272633
3453.73 3788.2352941160257
3454.21 2683.3333333332316
3454.92 1836.619718309765
3455.21 4506.896551724703
3455.58 3435.1351351361486
3455.92 3814.7058823513084
3456.28 3636.111111109825
3456.71 2851.16279069876
3456.99 4614.285714289911
3457.84 1508.2352941170016
3458.12 4407.142857146865
3458.45 4093.9393939402967
3458.82 3475.675675672429
3459.32 2472.0
3459.57 5272.0
3459.94 3475.675675676701
3460.27 3839.393939394786
3460.52 5096.0
3460.91 2984.615384616359
3461.27 3358.3333333321457
3461.65 3205.2631578938162
3462.03 3189.4736842096104
3462.51 2445.8333333332407
3463.39 1413.6363636369188
3463.69 3883.333333330979
3464.01 3706.2499999981037
3464.38 3110.8108108117285
3464.9 2182.692307692384
3465.54 1820.3125000003622
3466.03 2302.0408163254197
3466.57 2138.888888889033
3467.27 1762.857142857601
3468.39 998.214285714383
3468.94 2181.8181818174603
3469.32 3139.4736842096245
3469.6 4217.857142860979
3470.18 2015.517241379563
3470.88 1687.1428571421995
3471.28 3054.9999999993056
3471.76 2487.499999999906
3472.11 3380.000000000878
3472.61 2360.0
3473.49 1352.2727272732584
3473.94 2499.9999999984843
3474.4 2528.2608695650174
3474.89 2400.000000001069
3475.36 2570.212765956054
3476.24 1334.090909091433
3476.68 2668.1818181814874
3477.03 3348.571428567948
3477.33 3640.0000000033106
3477.75 2749.9999999995234
3478.54 1531.6455696203236
3479.3 1543.4210526311356
3480.01 1621.1267605632972
3481.52 765.5629139074047
3482.26 1575.6756756751722
3483.3 1109.6153846154234
3484.2 1333.3333333338724
3484.84 1860.937499999048
3485.78 1256.3829787233312
3486.68 1287.7777777782983
3487.69 1120.7920792076786
3488.61 1198.913043478166
3489.38 1423.376623376657
3490.35 1148.4536082476595
3491.33 1129.5918367346728
3492.44 955.8558558557462
3493.66 894.2622950821138
3494.81 962.6086956520978
3495.82 1098.0198019799607
3496.73 1212.087912088106
3497.7 1121.6494845363138
3498.79 989.9082568806018
3499.44 1650.7692307689997
3499.94 2152.0
3500.44 2210.0
3501.13 1571.0144927534989
3501.92 1362.025316455759
3502.68 1430.2631578951818
3503.62 1182.9787234041867
3504.41 1386.0759493671524
3505.18 1419.480519480553
3505.83 1649.2307692305385
3507.1 851.181102362217
3507.54 2452.2727272724233
3508.09 2014.5454545447883
3508.69 1840.000000000279
3509.42 1487.6712328766753
3510.1 1586.764705882735
3510.88 1434.6153846150166
3511.52 1682.8125000003347
3512.11 1849.1525423724254
3513.38 863.7795275590674
3514.04 1604.5454545458083
3514.61 1877.1929824556012
3515.06 2415.555555556532
3515.83 1424.6753246753583
3516.58 1444.0
3517.88 866.9230769229556
3518.52 1721.8750000003427
3519.21 1598.5507246375548
3519.9 1592.7536231882798
3520.47 1891.2280701764043
3520.98 2123.529411763797
3521.72 1460.8108108112417
3522.3 1896.551724136682
3522.97 1629.850746269586
3523.49 2125.000000000074
3523.89 2734.9999999993784
3524.33 2479.545454545147
3524.75 2516.666666666231
3525.26 2107.843137254
3525.63 2986.4864864873675
3526.14 2174.509803922577
3526.67 2062.2641509426176
3527.25 1908.6206896554118
3527.81 1930.357142857331
3528.33 2100.0000000000737
3528.97 1682.8125000003347
3529.46 2183.673469386701
3530.06 1833.3333333336113
3530.58 2080.7692307693037
3530.96 2855.2631578939167
3531.37 2658.536585366797
3531.91 2007.4074074075427
3532.7 1345.5696202532265
3533.6 1126.6666666665528
3534.21 1714.7540983602978
3534.88 1543.2835820893847
3535.69 1302.4691358025568
3536.38 1495.6521739129253
3537.19 1297.5308641976183
3537.94 1397.3333333333333
3538.8 1210.4651162788905
3539.53 1449.3150684931145
3540.7 894.017094017386
3541.77 999.0654205605948
3542.52 1392.0
3544.15 640.4907975459694
3545.28 926.5486725662822
3546.23 1101.0526315791583
3547.01 1351.2820512817048
3547.89 1195.454545455015
3548.76 1186.2068965512528
3549.51 1390.6666666666667
3550.44 1106.4516129034205
3551.48 991.3461538461885
3552.71 848.7804878048655
3553.6 1169.6629213484819
3554.57 1081.4432989687882
3555.45 1193.1818181822869
3556.27 1267.0731707314544
3557.05 1312.820512820176
3557.75 1492.8571428575308
3558.78 1007.7669902910663
3559.67 1176.4044943821907
3560.38 1484.507042253445
3561.15 1368.8311688312012
3562.07 1152.173913043387
3563.29 876.229508196865
3564.04 1394.6666666666667
3564.85 1308.64197530873
3565.55 1482.857142856565
3566.53 1065.3061224489597
3567.36 1243.3734939760127
3568.63 820.4724409448936
3569.53 1139.9999999998847
3570.45 1140.2173913048211
3571.17 1429.1666666661613
3572.12 1102.1052631581058
3573.03 1139.5604395600524
3573.86 1261.4457831326406
3575.53 634.7305389221281
3576.85 790.1515151516894
3577.87 1010.7843137255082
3578.65 1325.6410256406855
3579.64 1075.757575757813
3580.52 1176.1363636362178
3581.32 1274.99999999971
3582.11 1322.7848101266432
3583.11 1045.0
3584.32 867.7685950412962
3585.0 1542.6470588239008
3585.95 1091.57894736863
3586.76 1299.9999999993577
3587.57 1297.5308641976183
3588.56 1052.5252525254846
3589.77 865.2892561983211
3590.38 1721.3114754094768
3590.88 2138.0
3591.75 1201.149425287507
3592.4 1623.076923076696
3593.18 1350.0000000004407
3593.88 1487.1428571422775
3594.59 1460.5633802816153
3595.63 996.153846153881
3596.4 1374.0259740260065
3597.1 1498.571428571818
3597.8 1477.1428571422814
3598.36 1846.4285714287514
3598.98 1659.677419355131
3599.64 1581.8181818185305
3600.51 1183.9080459765412
3601.06 1903.636363637308
3601.74 1520.5882352944836
3602.6 1204.6511627905193
3603.3 1468.5714285708561
3604.12 1273.170731707769
3604.82 1475.7142857137105
3605.57 1394.6666666666667
3606.34 1354.5454545454866
3607.01 1555.2238805968461
3608.17 905.172413793217
3609.56 745.3237410072625
3612.0 421.7213114754004
3612.8 1304.9999999997033
3613.81 1011.8811881190488
3614.81 1053.0
3615.66 1214.1176470589535
3616.75 968.807339449412
3617.54 1311.3924050633516
3618.67 897.3451327432762
3619.4 1442.4657534246217
3620.86 700.6849315068318
3622.2 755.9701492539058
3623.6 724.9999999999529
3625.22 629.0123456790548
3626.56 756.7164179103656
3627.66 928.1818181818949
3629.62 520.9183673469291
3630.91 782.9457364341306
3631.9 1024.2424242421796
3633.23 766.1654135338765
3634.41 856.7796610170681
3635.87 691.780821917791
3637.13 809.5238095236692
3638.44 782.4427480916356
3640.03 637.1069182389354
3641.76 582.0809248554853
3642.62 1188.3720930237082
3643.62 1019.0
3644.66 975.0000000000341
3645.57 1110.9890109886335
3646.74 873.5042735045587
3647.68 1080.8510638297246
3648.67 1015.1515151512726
3649.83 870.689655172523
3650.95 908.0357142858028
3652.06 916.2162162161111
3652.98 1106.5217391303472
3653.93 1068.4210526317836
3654.93 1013.0
3655.91 1028.5714285714096
3656.94 986.4077669900996
3658.23 793.7984496124255
3659.13 1124.4444444443309
3660.03 1125.5555555554417
3660.92 1140.4494382024104
3661.91 1025.2525252527514
3662.92 1006.9306930690893
3663.88 1055.2083333332932
3664.81 1098.924731182989
3665.69 1155.6818181816748
3666.6 1108.791208791386
3667.69 936.6972477062969
3668.77 947.2222222222861
3669.86 931.1926605503344
3670.98 905.3571428572311
3672.8 553.846153846104
3673.96 868.9655172414883
3675.38 716.1971830985549
3676.44 959.4339622642003
3677.66 837.7049180329243
3678.67 998.0198019799823
3679.88 837.190082644603
3680.91 978.6407766992711
3681.96 964.7619047617376
3683.06 925.454545454622
3683.89 1207.2289156627564
3684.81 1096.7391304346959
3685.81 1021.0
3686.83 997.0588235294296
3687.98 886.9565217390602
3688.89 1114.2857142858925
3690.12 824.3902439024268
3691.62 676.0
3692.82 844.1666666664747
3694.03 838.8429752065864
3695.68 612.7272727274078
3696.95 794.4881889763893
3698.43 685.1351351351267
3699.65 831.147540983433
3701.12 686.3945578232227
3702.26 892.1052631576385
3703.22 1047.9166666671233
3704.38 878.4482758618348
3706.04 614.4578313253551
3707.16 915.1785714286606
3708.48 765.909090908996
3709.33 1194.1176470589512
3710.57 812.9032258062966
3711.95 733.333333333517
3712.99 975.9615384615726
3713.86 1165.5172413788473
3715.07 838.0165289255947
3716.32 808.0
3717.47 880.0000000002784
3718.52 962.8571428569761
3719.73 836.3636363636112
3721.11 740.579710144869
3722.58 691.1564625851281
3723.52 1064.8936170212148
3724.59 946.728971962472
3725.77 857.6271186441868
3727.22 702.0689655173295
3729.49 444.49339207048814
3731.33 551.6304347825651
3732.4 946.728971962472
3733.36 1062.4999999999598
3734.76 726.4285714285243
3735.95 852.100840336421
3737.03 937.9629629626312
3738.43 723.5714285716166
3739.66 824.3902439024268
3740.98 768.9393939392986
3742.46 685.1351351351267
3743.52 960.3773584906155
3744.77 811.2
3746.01 812.0967741933936
3747.22 838.0165289259096
3748.23 999.0099009898831
3749.1 1160.9195402300306
3750.06 1057.2916666666265
3751.28 828.688524589991
3752.25 1042.2680412373284
3753.28 984.4660194172844
3754.25 1050.5154639177424
3755.18 1086.0215053765353
3755.96 1305.1282051278704
3756.92 1053.12499999996
3760.15 313.62229102167004
3762.19 498.5294117647148
3763.58 728.0575539569012
3764.77 852.9411764705491
3766.12 749.6296296296802
3767.84 591.8604651161914
3769.42 645.5696202531943
3770.24 1234.1463414638527
3772.15 526.178010471119
3773.5 748.1481481481985
3774.91 722.6950354610675
3775.72 1246.9135802469975
3779.17 294.49275362316513
3780.34 867.5213675213136
3781.09 1357.3333333333333
3782.05 1054.1666666666267
3783.22 876.0683760686621
3784.41 847.058823529373
3785.32 1110.9890109886335
3786.19 1156.3218390806048
3787.35 868.103448275971
3788.32 1049.4845360821987
3789.17 1190.5882352942451
3790.36 846.2184873949192
3791.93 642.0382165606286
3792.96 988.3495145629148
3794.63 604.1916167664407
3795.77 883.333333333432
3796.87 916.3636363637121
3797.95 948.148148148212
3799.19 815.3225806450058
3800.31 900.0000000000877
3801.33 989.2156862745275
3802.27 1078.7234042552566
3803.14 1171.264367816239
3804.27 896.4601769910638
3805.16 1143.8202247192648
3806.66 674.6666666666666
3807.67 1006.9306930690893
3808.61 1076.5957446807886
3809.8 847.058823529373
3810.77 1043.2989690723803
3811.81 972.1153846154186
3812.68 1160.9195402300306
3813.91 822.7642276422642
3814.9 1019.1919191916758
3816.23 759.398496240643
3817.77 659.0909090909247
3819.42 612.727272727239
3820.46 973.0769230769571
3821.77 769.4656488549939
3823.09 766.6666666665716
3824.8 586.5497076023267
3826.28 676.351351351343
3828.56 439.9122807018035
3830.62 486.893203883508
3831.88 796.8253968252587
3834.01 470.8920187793186
3835.58 640.7643312103098
3837.05 680.2721088434196
3838.28 813.8211382113701
3839.74 688.3561643837589
3841.31 639.490445859806
3842.86 647.7419354837949
3844.41 647.741935483985
3845.95 652.5974025974181
3847.32 732.1167883209832
3848.77 689.6551724138797
3850.08 766.41221374049
3851.87 559.7765363128606
3853.34 680.952380952263
3854.71 734.3065693431242
3856.38 601.1976047903929
3857.78 715.7142857142392
3859.24 686.3013698632103
3860.69 690.344827586077
3862.84 466.97674418602674
3864.57 580.9248554913233
3866.12 647.741935483985
3868.29 462.21198156680475
3870.53 448.2142857142384
3872.12 630.8176100630158
3873.79 600.5988023951834
3876.6 357.2953736654874
3878.29 594.6745562129986
3880.43 468.6915887850746
3882.0 638.8535031846468
3883.52 659.2105263157973
3885.49 508.62944162441715
3887.08 632.0754716980554
3889.09 499.9999999999457
3891.0 524.0837696335478
3892.33 752.6315789474096
3894.06 579.7687861271615
3896.02 513.2653061224395
3897.72 589.4117647059454
3899.57 543.2432432431364
3901.8 449.7757847533596
3903.24 695.1388888890821
3904.98 575.2873563217609
3907.09 474.40758293836
3908.69 626.2500000000356
3910.01 761.3636363635419
3912.77 363.76811594206015
3915.77 333.3333333333333
3918.0 450.2242152466331
3920.18 459.17431192664
3922.09 525.130890052271
3924.04 515.3846153846634
3925.9 539.24731182792
3927.36 685.6164383561473
3928.77 709.9290780142577
3929.97 835.83333333346
3931.44 682.3129251699498
3932.98 651.2987012987167
3934.49 663.5761589405013
3936.04 647.7419354837949
3937.4 736.7647058822839
3938.79 720.863309352584
3940.26 682.3129251699498
3941.83 640.1273885351505
3943.24 711.3475177305698
3944.57 754.8872180448959
3946.21 610.365853658584
3947.45 808.8709677420778
3948.88 702.7972027970598
3950.28 715.7142857142392
3951.62 748.5074626867399
3953.13 664.9006622515595
3954.49 736.7647058825303
3955.72 817.0731707316952
3957.31 629.5597484276153
3958.71 717.8571428570963
3960.1 721.5827338130157
3961.47 734.3065693431242
3962.92 692.413793103318
3964.07 873.9130434781918
3966.01 515.9793814432844
3967.51 670.6666666666666
3969.08 638.8535031848318
3970.39 767.9389312977419
3971.59 836.6666666664764
3972.96 732.8467153285255
3974.26 771.5384615383535
3975.66 715.0000000001858
3977.0 748.5074626864858
3978.41 712.0567375887259
3979.59 851.6949152540273
3981.15 642.9487179487404
3982.36 828.9256198346858
3984.02 603.6144578313782
3985.46 697.2222222221958
3986.81 742.2222222222722
3988.25 697.9166666666403
3989.38 886.7256637167285
3990.68 772.3076923078544
3991.96 782.8124999998777
3993.26 776.1538461537375
3994.84 634.1772151899027
3996.52 598.214285714344
3997.8 783.5937499998776
3999.11 768.702290076368
4000.41 771.5384615386234
4001.74 754.1353383459059
4003.05 765.6488549615982
4004.44 721.5827338130157
4006.04 625.6250000000356
4007.47 701.3986013986816
4009.51 490.19607843127204
4011.52 498.5074626866258
4012.7 850.0000000001179
4013.99 779.844961240332
4015.18 842.8571428571042
4016.9 585.465116278983
4018.18 782.8125000001558
4019.6 704.9295774647526
4020.96 736.029411764637
4022.44 677.7027027026944
4023.88 695.1388888888625
4025.24 736.7647058825303
4026.47 815.4471544715327
4027.94 682.3129251699498
4029.12 851.6949152543555
4030.44 758.3333333332392
4031.9 686.3013698629966
4033.14 808.0645161291745
4034.45 767.1755725191159
4035.71 796.8253968252587
4037.01 771.5384615383535
4038.42 709.9290780142577
4039.72 770.7692307693925
4041.5 563.4831460673524
4043.35 542.7027027027294
4045.73 420.16806722687147
4046.95 823.7704918034138
4049.98 331.02310231020914
4052.19 453.3936651583636
4054.46 442.73127753304317
4056.8 427.77777777775117
4058.49 594.0828402368271
4060.68 458.90410958902964
4062.02 747.7611940297695
4064.6 388.37209302326676
4065.87 789.7637795275704
4067.44 640.7643312101243
4069.58 468.6915887850746
4070.66 927.7777777778402
4072.1 697.9166666666403
4073.74 610.975609756145
4075.61 536.8983957218259
4076.89 782.0312500001556
4078.65 569.3181818181112
4079.89 808.0645161291745
4081.37 681.0810810810727
4082.86 672.4832214764033
4084.45 630.8176100630158
4086.16 585.9649122806893
4087.46 770.7692307691229
4089.16 592.9411764706517
4091.01 540.5405405404342
4092.68 600.598802395347
4094.19 664.2384105959304
4095.51 760.6060606059663
4097.37 537.6344086022452
4098.81 696.5277777775315
4100.53 583.1395348839429
4102.31 562.3595505615908
4103.83 659.8684210528369
4105.22 721.5827338127797
4106.63 709.9290780142577
4108.22 632.7044025156654
4109.63 713.4751773050382
4111.28 607.2727272728612
4112.91 614.1104294478116
4114.43 659.868421052442
4116.11 596.428571428791
4117.42 764.1221374043467
4119.24 550.5494505495386
4121.15 525.6544502618201
4122.54 722.3021582732111
4124.23 592.3076923078326
4125.92 592.3076923075138
4127.39 683.6734693876367
4128.89 669.3333333333334
4130.71 550.5494505495386
4131.89 849.152542372672
4133.26 730.6569343066276
4135.97 370.8487084870799
4140.38 227.43764172336353
4142.02 610.3658536584147
4143.83 553.0386740333048
4145.43 628.1249999998572
4147.61 460.0917431193966
4150.14 396.8379446639289
4152.09 514.3589743590223
4153.8 585.9649122806893
4155.17 733.5766423358249
4156.78 621.739130434909
4158.55 566.6666666665269
4160.49 517.0103092784572
4161.5 990.0990099007761
4163.27 565.5367231637023
4166.09 357.44680851067517
4169.39 303.3333333333166
4172.68 305.167173252283
4174.48 556.111111111336
4176.86 421.4285714285521
4179.79 342.320819112594
4182.15 424.5762711864996
4184.02 534.7593582885412
4186.03 499.50248756236084
4188.88 351.2280701753938
4193.61 211.83932346724998
4195.93 431.8965517240228
4197.61 596.428571428791
4198.73 895.5357142858015
4199.78 953.3333333331682
4200.85 939.2523364480553
4202.67 551.0989010989892
4205.17 401.6
4206.52 741.4814814812817
4208.24 583.1395348839429
4209.99 572.0
4211.67 596.4285714284681
4213.66 503.5175879397537
4214.63 1031.9587628863271
4216.3 599.4011976047643
4217.45 871.3043478263626
4219.36 524.0837696335478
4221.42 485.43689320378917
4223.22 558.3333333332769
4224.94 581.9767441862681
4227.18 449.10714285700425
4228.46 782.8125000001558
4230.24 563.4831460674964
4232.55 435.0649350648597
4234.43 534.0425531914584
4236.17 575.2873563219113
4238.35 462.3853211008557
4239.81 686.3013698629966
4241.55 576.4367816092678
4243.27 582.5581395347974
4244.45 851.6949152546837
4245.79 747.7611940297695
4247.51 581.3953488371233
4249.21 590.0000000000631
4250.5 777.5193798449832
4251.65 870.434782608971
4254.42 361.7328519855026
4255.56 877.1929824558885
4256.76 837.500000000127
4258.21 694.4827586207767
4259.39 849.9999999997904
4260.58 843.6974789918804
4261.82 806.4516129033677
4263.23 712.7659574468821
4264.49 793.6507936506562
4265.77 785.1562499995983
4267.19 707.0422535215433
4268.7 664.9006622515595
4269.8 912.7272727269709
4270.96 863.7931034483843
4272.27 766.4122137402239
4273.65 726.81159420332
4274.87 822.131147540812
4275.97 912.7272727269709
4277.21 807.2580645162711
4278.39 849.9999999997904
4279.59 834.1666666667932
4280.69 911.8181818186341
4282.63 516.4948453606892
4284.6 508.6294416242997
4287.21 383.5249042146075
4289.29 481.7307692307861
4290.98 592.3076923078326
4292.59 622.36024844698
4294.22 619.018404907934
4295.52 772.3076923075843
4297.56 490.1960784313813
4299.03 682.312925170372
4300.97 515.4639175256378
4302.62 607.8787878789219
4304.03 710.6382978724138
4305.46 699.9999999998576
4307.28 550.000000000088
4309.26 507.07070707058597
4310.43 857.264957264904
4311.72 779.0697674418824
4313.64 523.4374999999802
4314.92 782.8125000001558
4316.49 637.5796178345131
4318.15 603.012048192824
4319.92 566.1016949151146
4321.46 651.9480519480674
4323.07 622.3602484473315
4324.65 635.4430379747128
4326.18 653.5947712415503
4327.45 790.5511811026566
4329.46 498.0099502487021
4330.7 808.0645161291745
4332.54 545.6521739130003
4335.25 370.479704797043
4336.83 634.8101265823077
4338.39 642.3076923075275
4340.46 484.0579710145608
4342.26 556.6666666666105
4343.66 716.4285714287576
4345.29 614.7239263803269
4346.57 784.3750000001561
4348.02 691.034482758274
4349.7 597.6190476192676
4351.03 754.8872180451541
4352.19 864.6551724139016
4353.6 710.6382978719554
4355.31 587.1345029239641
4357.48 460.8294930877353
4358.65 855.5555555555023
4359.92 788.9763779524847
4361.36 695.8333333335268
4362.56 834.9999999994938
4363.7 879.824561403958
4364.99 777.5193798449832
4366.13 878.9473684208002
4367.24 904.5045045047713
4368.31 934.5794392517963
4369.71 715.7142857144717
4370.85 880.701754385712
4371.99 879.824561403958
4372.92 1076.3440860211686
4374.01 919.2660550457489
4375.37 739.7058823531193
4376.76 722.3021582732111
4380.1 299.9999999999869
4382.45 426.80851063839697
4384.51 486.8932038834006
4386.8 436.6812227074305
4388.78 505.0505050506164
4390.61 546.9945355191475
4392.7 479.4258373205408
4394.8 478.5714285713457
4396.86 486.4077669904115
4399.09 449.7757847532678
4400.85 569.8863636362929
4402.84 503.0150753769396
4405.57 367.39926739932616
4408.13 391.0156249999389
4409.79 604.8192771084867
4413.13 300.8982035928013
4414.84 586.5497076023267
4421.12 159.3949044586052
4423.68 391.7968749999388
4425.88 455.4545454545831
4429.1 312.4223602484225
4432.42 301.506024096412
4433.96 649.3506493506646
4436.0 491.17647058824406
4439.73 269.168900804321
4441.48 571.4285714285714
4443.56 481.2499999998064
4445.07 663.5761589407011
4446.63 642.3076923075275
4448.46 547.5409836065792
4453.47 199.6007984031849
4458.12 215.05376344087705
4462.94 207.46887966806233
4467.38 225.22522522519938
4471.95 218.81838074399644
4476.3 229.88505747124515
4480.18 257.73195876287934
4484.35 239.80815347721403
4488.14 263.85224274406585
4492.62 223.21428571430747
4496.83 237.52969121139938
4501.8 201.20724346075428
4507.15 186.91588785048634
4512.72 179.53321364450431
4518.9 161.81229773464403
4525.47 152.2070015220557
4530.7 191.2045889101498
4535.68 200.80321285138655
4540.94 190.11406844108961
4545.83 204.4989775050988
4549.99 240.3846153846238
4553.72 268.0965147452743
4557.83 243.3090024331094
4561.69 259.0673575129753
4565.85 240.38461538457125
4570.09 235.84905660378573
4574.12 248.13895781639286
4577.98 259.0673575129753
4581.87 257.06940874033825
4586.18 232.01856148489725
4592.03 170.94017094018687
4597.53 181.8181818181818
4602.79 190.11406844105676
4608.28 182.14936247723858
4614.53 160.0
4620.11 179.21146953405253
4625.37 190.11406844105676
4631.04 176.36684303350745
4636.43 185.5287569573171
4641.4 201.2072434607911
4646.1 212.76595744677556
4653.18 141.2429378531088
4659.85 149.92503748125773
4669.92 99.30486593843385
4676.3 156.73981191222302
4682.24 168.3501683501797
4688.03 172.71157167530333
4694.16 163.1321370309922
4698.97 207.9002079001906
4704.31 187.26591760299115
4708.69 228.31050228314675
4713.51 207.46887966802316
4717.66 240.96385542170788
4722.17 221.72949002216222
4726.32 240.96385542170788
4730.95 215.98272138228432
4734.74 263.85224274406585
4738.96 236.96682464453545
4743.01 246.91358024690248
4746.45 290.6976744186385
4750.83 228.31050228309934
4757.37 152.90519877675925
4763.87 153.84615384615384
4769.06 192.67822736028938
4773.26 238.09523809524842
4781.0 129.19896640827238
4786.01 199.6007984031849
4791.36 186.91588785048634
4795.83 223.71364653242574
4801.04 191.93857965450923
4805.2 240.3846153846238
4809.03 261.0966057441303
4812.85 261.7801047119995
4816.59 267.37967914440065
4820.53 253.80710659901055
4824.43 256.41025641022054
4829.91 182.48175182483206
4834.42 221.72949002216222
4840.03 178.25311942960042
4845.15 195.31250000000415
4850.27 195.31249999996948
4855.03 210.0840336134759
4859.91 204.91803278688067
4863.77 259.0673575129143
4867.52 266.6666666666667
4871.53 249.37655860353425
4875.51 251.25628140700533
4879.1 278.5515320334149
4883.71 216.91973969632778
4888.18 223.71364653242574
4894.06 170.06802721088118
4899.31 190.47619047619048
4903.99 213.6752136752419
4908.79 208.33333333332544
4913.57 209.20502092051325
4918.64 197.23865877709625
4923.0 229.35779816515483
4927.67 214.1327623126305
4931.41 267.37967914440065
4935.61 238.09523809524842
4939.34 268.0965147452743
4942.75 293.2551319648219
4946.42 272.47956403269217
4950.14 268.81720430105685
4953.86 268.8172043011226
4958.57 212.3142250530769
4964.58 166.38935108152475
4971.88 136.9863013698596
4979.59 129.70168612191898
4985.09 181.8181818181818
4990.6 181.48820326678046
4994.88 233.644859813098
5000.4 181.15942028987058
5005.15 210.52631578947367
5009.73 218.34061135371525
5014.09 229.357798165107
5017.77 271.73913043476114
5021.69 255.102040816381
5025.62 254.45292620863256
5029.73 243.3090024331094
5033.94 237.52969121139938
5039.76 171.82130584190614
5045.05 189.0359168241979
5050.47 184.5018450184477
5055.9 184.16206261512227
5060.96 197.6284584980081
5065.9 202.42914979758726
5069.95 246.91358024690248
5074.81 205.76131687240334
5080.57 173.61111111113195
5085.74 193.4235976789141
5091.93 161.55088852987362
5096.34 226.75736961451994
5099.71 296.73590504452
5103.74 248.13895781639286
5109.41 176.36684303350745
5114.03 216.45021645022157
5120.0 167.50418760468298
5124.97 201.20724346075428
5130.29 187.96992481204035
5134.87 218.34061135371525
5139.07 238.09523809524842
5143.19 242.7184466019482
5146.94 266.6666666666667
5150.62 271.73913043476114
5155.65 198.80715705766414
5161.19 180.50541516245605
5166.74 180.18018018017426
5171.79 198.0198019801909
5176.91 195.31250000000415
5181.81 204.0816326530385
5186.85 198.41269841269985
5192.44 178.89087656531962
5197.88 183.8235294117475
5202.79 203.66598778004678
5208.04 190.47619047619048
5211.77 268.0965147452743
5215.53 265.95744680855955
5219.64 243.30900243305555
5223.57 254.45292620869145
5227.53 252.5252525252502
5231.07 282.4858757062176
5234.86 263.85224274406585
5238.55 271.00271002706285
5242.67 242.7184466019482
5246.59 255.1020408163218
5250.71 242.7184466019482
5255.93 191.5708812260443
5261.07 194.55252918290142
5269.59 117.37089201877333
5278.7 109.76948408342875
5286.83 123.00123001229848
5297.26 95.8772770853281
5304.58 136.61202185792894
5310.28 175.43859649123368
5315.67 185.5287569573171
5320.25 218.34061135371525
5325.7 183.4862385321162
5330.54 206.61157024792766
5335.28 210.97046413503082
5340.11 207.03933747412322
5343.87 265.9574468084952
5348.51 215.51724137929514
5352.58 245.70024570026328
5356.28 270.27027027028356
5359.91 275.4820936639036
5363.51 277.7777777777497
5367.27 265.9574468084952
5371.95 213.6752136752419
5376.01 246.30541871918754
5381.64 177.6198934280605
5386.83 192.67822736032315
5392.68 170.9401709401603
5397.24 219.2982456140596
5402.44 192.30769230769903
5408.12 176.05633802815998
5412.6 223.21428571426216
5417.29 213.219616204709
5421.3 249.3765586034777
5425.0 270.27027027028356
5428.46 289.01734104045937
5432.76 232.55813953487387
5436.54 264.55026455028235
5440.19 273.9726027397533
5444.1 255.75447570327484
5447.58 287.3563218391165
5451.2 276.24309392266025
5454.91 269.5417789757386
5458.64 268.0965147452743
5462.37 268.0965147453397
5465.85 287.3563218390414
5471.65 172.4137931034699
5476.93 189.3939393939159
5482.11 193.0501930502161
5487.07 201.61290322580498
5492.21 194.55252918286698
5497.42 191.93857965450923
5502.72 188.6792452830124
5507.8 196.85039370079022
5512.55 210.52631578947367
5518.19 177.30496453902538
5523.14 202.02020202017232
5528.18 198.41269841269985
5533.76 179.21146953405253
5537.94 239.23444976080094
5543.47 180.83182640142525
5548.76 189.0359168241979
5553.81 198.0198019801909
5561.29 133.68983957220033
5565.5 237.52969121139938
5569.25 266.6666666666667
5573.13 257.73195876287934
5580.18 141.843971631202
5585.35 193.4235976789141
5590.55 192.30769230769903
5594.39 260.4166666666568
5598.61 236.96682464458652
5602.25 274.72527472525
5606.14 257.06940874033825
5610.07 254.45292620869145
5614.06 250.62656641599668
5617.92 259.0673575129753
5621.4 287.3563218391165
5625.21 262.4671916010223
5629.05 260.4166666666568
5632.71 273.2240437158579
5636.96 235.2941176470588
5640.55 278.5515320334149
5644.26 269.5417789757386
5649.53 189.75332068312898
5654.56 198.8071570576282
5659.52 201.61290322580498
5664.44 203.25203252035976
5669.32 204.91803278688067
5674.1 209.20502092047343
5678.61 221.72949002220693
5683.47 205.76131687240334
5687.94 223.71364653247124
5692.98 198.41269841269985
5697.96 200.80321285138655
5702.67 212.3142250530769
5707.45 209.20502092051325
5713.12 176.36684303350745
5718.48 186.56716417911588
5723.36 204.91803278688067
5732.14 113.89521640090267
5738.38 160.25641025641588
5743.42 198.41269841269985
5748.51 196.46365422396295
5753.26 210.52631578947367
5759.0 174.2160278745711
5763.48 223.21428571430747
5767.42 253.80710659895198
5771.56 241.54589371978767
5775.17 277.0083102493326
5778.9 268.0965147453397
5782.6 270.2702702702171
5786.62 248.7562189055019
5790.23 277.0083102493326
5794.86 215.98272138228432
5798.85 250.62656641599668
5802.88 248.13895781639286
5807.21 230.94688221709396
5810.97 265.9574468084952
5814.35 295.8579881656709
5818.83 223.21428571430747
5824.39 179.85611510790073
5829.7 188.32391713749453
5834.63 202.8397565922801
5839.93 188.6792452830124
5844.74 207.9002079002299
5849.58 206.61157024792766
5854.14 219.29824561401585
5864.98 92.2509225092316
5871.39 156.0062402495914
5875.85 224.21524663676948
5882.56 149.03129657227936
5887.76 192.30769230769903
5892.3 220.2643171806185
5896.29 250.6265664160538
5900.36 245.70024570026328
5904.21 259.7402597402352
5907.97 265.9574468084952
5911.74 265.2519893899537
5916.08 230.4147465437711
5920.01 254.45292620863256
5924.02 249.3765586034777
5927.81 263.85224274406585
5931.58 265.2519893899537
5935.47 257.06940874033825
5940.41 202.42914979758726
5945.62 191.93857965450923
5950.73 195.694716242674
5955.64 203.66598778000903
5959.48 260.41666666671847
5963.25 265.25198938988973
5967.45 238.09523809524842
5971.03 279.3296089385532
5975.17 241.54589371978767
5980.39 191.5708812260443
5985.57 193.0501930502161
5991.28 175.1313485113824
5996.11 207.03933747412322
6001.0 204.4989775050988
6005.91 203.66598778004678
6011.12 191.93857965450923
6016.5 185.87360594795163
6021.51 199.6007984031849
6027.0 182.14936247723858
6032.01 199.6007984031849
6036.91 204.08163265307638
6042.06 194.17475728153283
6046.75 213.219616204709
6051.6 206.18556701029382
6057.66 165.0165016501789
6065.0 136.23978201634608
6070.77 173.3102253032798
6076.11 187.26591760302304
6081.57 183.15018315018193
6087.12 180.18018018017426
6091.8 213.67521367520038
6096.88 196.85039370079022
6101.56 213.67521367520038
6106.66 196.07843137257
6112.14 182.48175182480176
6116.58 225.22522522524554
6120.4 261.7801047120618
6124.32 255.1020408163218
6128.14 261.7801047119995
6132.29 240.96385542170788
6136.29 250.0
6140.17 257.73195876287934
6144.24 245.70024570026328
6148.34 243.9024390243686
6152.07 268.0965147453397
6155.79 268.81720430105685
6159.77 251.25628140700533
6164.49 211.8644067796904
6170.18 175.74692442880678
6175.36 193.0501930502161
6182.51 139.86013986012918
6187.69 193.0501930502161
6193.25 179.85611510790073
6197.53 233.644859813098
6201.58 246.91358024690248
6205.36 264.55026455028235
6209.79 225.73363431149758
6214.2 226.75736961451994
6218.07 258.39793281654477
6222.3 236.40661938531636
6227.43 194.93177387913815
6232.45 199.20318725101478
6237.75 188.6792452830124
6243.71 167.78523489932783
6249.25 180.50541516245605
6255.35 163.93442622949843
6260.74 185.52875695734843
6265.85 195.69471624263915
6271.76 169.20473773266067
6276.87 195.694716242674
6281.75 204.91803278688067
6287.0 190.47619047619048
6292.2 192.30769230769903
6296.62 226.24434389139898
6301.82 192.30769230769903
6307.29 182.81535648993665
6312.76 182.81535648993665
6318.34 179.21146953405253
6323.21 205.3388090349122
6328.46 190.47619047619048
6334.36 169.49152542373926
6340.15 172.71157167530333
6344.88 211.4164904862368
6350.34 183.15018315018193
6355.77 184.16206261509143
6360.45 213.6752136752419
6365.9 183.4862385321162
6371.75 170.9401709401603
6376.47 211.86440677964958
6381.83 186.56716417911588
6386.92 196.46365422396295
6394.55 131.06159895150535
6400.14 178.8908765652905
6405.93 172.71157167530333
6410.83 204.08163265307638
6416.23 185.18518518519767
6421.33 196.07843137253502
6426.57 190.8396946564965
6432.26 175.74692442880678
6436.33 245.70024570026328
6439.78 289.8550724637834
6443.84 246.30541871918754
6447.78 253.80710659901055
6452.11 230.94688221709396
6457.29 193.0501930501822
6463.64 157.4803149606209
6468.71 197.23865877713163
6474.73 166.11295681064428
6480.57 171.2328767123245
6485.76 192.67822736028938
6490.88 195.31250000000415
6495.95 197.23865877713163
6501.15 192.30769230769903
6506.39 190.83969465646337
6512.0 178.25311942960042
6518.44 155.2795031055997
6523.91 182.81535648993665
6529.98 164.74464579901942
6534.73 210.52631578947367
6540.38 176.9911504424608
6546.01 177.6198934280605
6550.61 217.39130434785187
6555.12 221.72949002216222
6559.25 242.1307506053205
6563.18 254.45292620863256
6567.26 245.09803921569065
6571.61 229.8850574712932
6575.87 234.74178403754667
6581.56 175.74692442880678
6585.84 233.644859813098
6591.1 190.11406844105676
6596.61 181.48820326681042
6601.47 205.76131687240334
6607.76 158.98251192368932
6614.02 159.74440894568133
6619.45 184.16206261512227
6624.31 205.76131687240334
6630.46 162.6016260162698
6637.25 147.27540500736455
6644.77 132.9787234042476
6650.74 167.50418760470848
6656.29 180.18018018017426
6662.34 165.28925619834214
6667.95 178.25311942960042
6674.01 165.0165016501541
6680.22 161.03059581320358
6686.96 148.36795252226
6692.68 174.82517482516704
6698.52 171.2328767123245
6704.0 182.48175182483206
6708.92 203.2520325203222
6714.37 183.4862385321162
6719.74 186.21973929236879
6725.4 176.67844522968653
6731.64 160.2564102563925
6737.36 174.82517482519484
6743.99 150.82956259426598
6749.48 182.14936247723858
6756.09 151.28593040845868
6761.67 179.21146953405253
6767.49 171.821305841933
6773.08 178.8908765652905
6779.69 151.28593040847952
6784.04 229.88505747124515
6788.57 220.7505518763921
6793.12 219.78021978021098
6797.56 225.22522522519938
6801.21 273.9726027397533
6805.47 234.74178403754667
6809.53 246.3054187192427
6813.86 230.94688221709396
6819.61 173.91304347826087
6824.14 220.75055187634777
6830.59 155.03875968992685
6835.24 215.05376344087705
6841.47 160.5136436596989
6846.72 190.47619047619048
6854.52 128.20512820512522
6861.72 138.8888888888924
6866.9 193.0501930502161
6872.44 180.50541516245605
6878.3 170.64846416380558
6886.01 129.70168612191898
6895.58 104.49320794148699
6902.92 136.23978201634608
6908.37 183.4862385321162
6914.77 156.24999999998667
6920.09 187.96992481204035
6925.83 174.2160278745711
6932.03 161.2903225806499
6937.99 167.78523489932783
6944.55 152.4390243902346
6950.39 171.2328767123245
6956.39 166.66666666666666
6962.25 170.64846416383207
6968.61 157.2327044025238
6974.51 169.49152542371314
6980.76 160.0
6986.38 177.93594306050167
6990.85 223.71364653242574
6995.04 238.6634844868963
6999.73 213.219616204709
7004.01 233.64485981304836
7007.97 252.5252525252502
7012.41 225.22522522524554
7016.81 227.2727272726991
7022.04 191.2045889101498
7028.67 150.82956259426598
7034.93 159.74440894568133
7040.89 167.78523489932783
7047.35 154.79876160990625
7052.65 188.67924528304476
7057.79 194.55252918286698
7064.07 159.23566878981538
7070.54 154.55950540957662
7076.59 165.28925619834214
7081.42 207.03933747412322
7087.42 166.66666666666666
7093.31 169.77928692698546
7099.75 155.2795031055997
7105.54 172.71157167530333
7110.49 202.02020202020944
7117.04 152.6717557251866
7123.29 160.0
7129.25 167.78523489932783
7134.35 196.07843137253502
7140.38 165.8374792703221
7146.7 158.2278481012731
7152.76 165.0165016501541
7158.37 178.25311942960042
7163.93 179.85611510790073
7169.65 174.82517482519484
7175.33 176.05633802815998
7181.44 163.66612111293838
7187.48 165.56291390728578
7193.85 156.98587127156583
7199.01 193.79844961240858
7205.36 157.48031496064345
7211.31 168.06722689073575
7217.66 157.48031496064345
7223.69 165.8374792703221
7229.52 171.52658662090164
7235.66 162.86644951141608
7241.95 158.98251192368932
7247.68 174.52006980801352
7252.24 219.2982456140596
7256.37 242.1307506053205
7261.04 214.1327623126305
7265.54 222.22222222222223
7269.98 225.22522522524554
7274.71 211.4164904862368
7279.31 217.3913043478089
7283.87 219.2982456140596
7287.94 245.70024570026328
7291.94 250.0
7296.69 210.52631578947367
7302.17 182.48175182480176
7307.52 186.91588785045457
7313.42 169.49152542373926
7319.14 174.82517482516704
7326.32 139.2757660167251
7333.39 141.44271570012907
7338.27 204.91803278688067
7343.98 175.13134851141032
7350.16 161.81229773462022
7356.37 161.03059581320358
7363.47 140.84507042252798
7371.78 120.33694344164395
7380.07 120.62726176115855
7385.52 183.4862385320856
7391.0 182.48175182483206
7397.18 161.81229773462022
7403.48 158.73015873017707
7409.96 154.32098765430973
7416.59 150.82956259426598
7423.33 148.36795252226
7428.77 183.8235294117475
7434.96 161.55088852989735
7441.17 161.03059581320358
7446.95 173.010380622845
7453.61 150.15015015015342
7459.81 161.29032258062622
7466.04 160.51364365972233
7472.15 163.66612111293838
7478.09 168.35016835015392
7484.0 169.20473773266067
7491.31 136.79890560874765
7496.95 177.30496453902538
7501.64 213.2196162046677
7506.57 202.83975659231754
7511.44 205.3388090349122
7516.05 216.91973969628498
7520.43 228.31050228309934
7524.59 240.3846153846238
7529.18 217.86492374726978
7534.4 191.57088122607766
7547.79 74.68259895444179
7555.64 127.38853503184123
7564.78 109.40919037199822
7570.62 171.2328767123245
7576.48 170.64846416383207
7582.43 168.06722689073575
7589.25 146.62756598241094
7594.41 193.79844961240858
7599.36 202.02020202020944
7604.04 213.67521367520038
7608.24 238.09523809524842
7612.99 210.52631578947367
7617.65 214.5922746781183
7623.11 183.15018315018193
7630.36 137.93103448275863
7634.83 223.71364653242574
7640.16 187.61726078799506
7644.94 209.20502092051325
7649.45 221.72949002216222
7654.39 202.42914979754997
7658.93 220.2643171806185
7664.53 178.57142857144598
7670.74 161.03059581320358
7676.75 166.38935108152475
7682.63 170.06802721088118
7688.68 165.28925619834214
7694.69 166.38935108154993
7700.34 176.9911504424608
7705.91 179.53321364453362
7711.7 172.71157167530333
7718.14 155.2795031055778
7724.0 170.64846416383207
7729.73 174.52006980804123
7736.95 138.50415512464886
7743.27 158.22784810125034
7749.2 168.63406408096193
7755.78 151.97568389057918
7761.73 168.06722689076145
7767.9 162.07455429497378
7774.05 162.60162601624575
7779.83 173.010380622845
7785.55 174.82517482516704
7792.38 146.41288433382294
7798.91 153.13935681470736
7804.8 169.77928692698546
7811.04 160.25641025641588
7817.07 165.8374792703221
7822.9 171.52658662092838
7829.27 156.98587127156583
7835.53 159.74440894570455
7841.28 173.91304347826087
7848.44 139.6648044692766
7857.48 110.61946902654911
7865.74 121.06537530266024
7874.17 118.62396204032805
7885.24 90.33423667570247
7894.36 109.64912280701886
7905.86 86.95652173913044
7915.26 106.38297872339808
7925.85 94.42870632672202
7934.29 118.4834123222805
7943.4 109.76948408342875
7953.04 103.73443983402137
7962.75 102.98661174047335
7974.74 83.4028356964152
7989.93 65.83278472679173
7998.21 120.7729468599071
8014.96 59.701492537313435
8025.1 98.61932938855698
8034.66 104.60251046025662
8044.04 106.60980810234418
8056.21 82.16926869350813
8067.78 86.43042350907737
8081.07 75.24454477050435
8116.08 28.56326763781759
8132.4 61.27450980392266
8178.54 21.67316861725169
8213.75 28.401022436807697
8247.02 30.057108506161313
8269.23 45.02476361999277
8280.57 88.18342151675373
8291.6 90.66183136898827
8298.18 151.97568389057918
8304.95 147.71048744459904
8311.05 163.9344262295473
8317.2 162.6016260162217
8323.18 167.22408026757074
8331.87 115.07479861909567
8337.7 171.52658662092838
8343.23 180.83182640148473
8350.96 129.36610608021428
8358.79 127.71392081734061
8366.79 125.0
8373.83 142.04545454547363
8381.06 138.31258644537488
8387.88 146.62756598241094
8395.87 125.15644555692111
8404.15 120.77294685992037
8412.22 123.91573729864139
8419.62 135.13513513510856
8425.51 169.7792869270117
8431.09 179.21146953405253
8436.82 174.52006980804123
8442.22 185.18518518519767
8447.81 178.8908765652905
8453.54 174.5200698079858
8459.15 178.25311942962932
8464.51 186.56716417908422
8470.07 179.85611510793015
8479.1 110.74197120707946
8486.64 132.62599469497684
8494.07 134.58950201883727
8501.44 135.68521031206126
8509.8 119.61722488040047
8516.83 142.24751066855006
8524.75 126.2626262626251
8532.88 123.00123001231223
8541.1 121.65450121652778
8549.06 125.62814070353137
8556.85 128.3697047496647
8565.19 119.90407673860702
8582.54 57.63688760806796
8596.48 71.73601147776857
8603.26 147.4926253687173
8609.22 167.78523489935344
8615.06 171.2328767123245
8620.92 170.64846416380558
8626.95 165.83747927029708
8632.97 166.11295681066937
8639.02 165.2892561983173
8644.81 172.71157167533045
8651.12 158.47860538823969
8659.18 124.06947890819643
8666.98 128.20512820514017
8676.48 105.26315789473684
8684.24 128.86597938143967
8691.77 132.8021248339858
8702.99 89.12655971480021
8710.44 134.22818791944997
8718.0 132.27513227514117
8726.71 114.81056257176812
8734.2 133.51134846459095
8741.99 128.36970474969468
8750.05 124.06947890819643
8758.87 113.3786848072366
8765.9 142.24751066858687
8773.29 135.3179972936174
8781.97 115.20737327190967
8789.33 135.86956521738057
8796.94 131.40604467804513
8804.53 131.75230566534663
8812.17 130.8900523560309
8820.32 122.69938650307296
8828.6 120.77294685989384
8836.6 125.0
8844.22 131.23359580054247
8851.29 141.44271570011088
8857.25 167.78523489935344
8863.27 166.11295681061918
8871.74 118.06375442739991
8878.64 144.9275362318917
8885.94 136.98630136984252
8894.21 120.91898428055225
8903.17 111.60714285713108
8910.94 128.70012870012147
8918.47 132.8021248340179
8925.7 138.3125864453401
8932.16 154.79876160992805
8937.98 171.821305841933
8944.3 158.2278481012731
8949.85 180.18018018014476
8955.82 167.50418760470848
8962.64 146.62756598241094
8970.08 134.40860215052842
8977.67 131.75230566534663
8985.68 124.84394506866077
8993.14 134.04825737266984
9002.48 107.06638115631524
9010.51 124.53300124531985
9018.08 132.100396301194
9026.41 120.04801920768412
9032.41 166.66666666666666
9038.19 173.01038062281776
9043.74 180.1801801802038
9050.17 155.5209953343631
9055.5 187.61726078799506
9060.82 187.96992481204035
9066.48 176.67844522968653
9073.39 144.71780028943866
9080.14 148.14814814814815
9085.23 196.46365422396295
9096.64 87.64241893076361
9103.76 140.4494382022314
9110.89 140.25245441796807
9117.98 141.04372355429894
9125.91 126.10340479192476
9133.54 131.0615989514897
9141.41 127.06480304957172
9148.99 131.92612137203292
9156.08 141.04372355429894
9164.86 113.89521640090267
9177.22 80.90614886732202
9186.28 110.37527593817389
9193.89 131.40604467807654
9201.01 140.4494382022314
9209.43 118.76484560569969
9216.82 135.3179972936507
9225.63 113.50737797957524
9234.38 114.28571428571429
9241.93 132.45033112580867
9249.53 131.57894736841476
9257.17 130.8900523560309
9264.63 134.04825737266984
9272.15 132.9787234042476
9279.33 139.27576601670745
9287.42 123.60939431396564
9293.11 175.74692442880678
9298.49 185.87360594798304
9304.26 173.3102253032798
9310.3 165.5629139073107
9317.73 134.58950201883727
9324.78 141.8439716311837
9332.2 134.7708894878693
9340.51 120.33694344164395
9348.04 132.8021248339858
9360.16 82.50825082508945
9370.66 95.23809523809524
9377.67 142.65335235377586
9384.57 144.9275362318917
9391.86 137.1742112482689
9398.98 140.4494382022673
9406.2 138.5041551246314
9413.64 134.4086021505613
9422.44 113.63636363634954
9431.7 107.99136069114216
9438.63 144.30014430017613
9446.78 122.69938650304557
9453.63 145.98540145988503
9463.64 99.90009990009771
9472.46 113.37868480725997
9480.14 130.2083333333284
9488.6 118.20330969265818
9496.7 123.45679012345124
9505.35 115.60693641618984
9511.28 168.63406408093607
9517.09 172.1170395869342
9523.12 165.83747927029708
9528.86 174.2160278745711
9534.38 181.15942028990045
9541.02 150.60240963852615
9547.04 166.11295681061918
9552.55 181.48820326684037
9557.91 186.56716417908422
9563.58 176.36684303350745
9569.23 176.99115044248927
9574.22 200.40080160321517
9579.54 187.96992481197609
9585.08 180.5054151624857
9590.87 172.7115716752762
9597.5 150.82956259428667
9604.8 136.98630136987666
9612.29 133.51134846459095
9620.22 126.10340479195368
9626.94 148.80952380949802
9634.07 140.25245441796807
9641.01 144.09221902016233
9647.78 147.71048744459904
9653.53 173.91304347826087
9659.48 168.06722689078714
9664.98 181.8181818181818
9670.76 173.01038062281776
9675.85 196.46365422396295
9681.4 180.1801801802038
9687.61 161.03059581317999
9694.67 141.6430594900952
9701.78 140.64697609000254
9709.88 123.45679012347897
9717.19 136.79890560873062
9725.27 123.76237623762488
9731.81 152.90519877678054
9739.06 137.93103448275863
9746.2 140.05602240893933
9753.99 128.36970474969468
9760.83 146.1988304093536
9767.67 146.1988304093536
9775.23 132.27513227514117
9783.45 121.65450121652778
9790.82 135.68521031209474
9797.47 150.3759398496323
9805.2 129.36610608018384
9811.82 151.05740181271207
9818.72 144.9275362318917
9825.85 140.25245441793228
9831.46 178.25311942962932
9836.83 186.21973929233724
9842.5 176.36684303350745
9847.94 183.8235294117475
9853.44 181.8181818181818
9858.84 185.18518518519767
9863.93 196.46365422396295
9870.29 157.23270440250133
9878.34 124.22360248448328
9885.97 131.06159895152095
9893.34 135.68521031206126
9898.83 182.14936247723858
9904.46 177.6198934280892
9910.21 173.91304347826087
9915.28 197.23865877706086
9920.28 200.0
9925.75 182.81535648996703
9931.16 184.84288354898834
9937.11 168.06722689073575
9943.66 152.6717557252078
9951.21 132.4503311258406
9958.62 134.9527665316834
9965.76 140.056022408975
9973.21 134.22818791948276
9980.78 132.10039630116225
9986.17 185.52875695734843
9991.28 195.69471624263915
9996.73 183.48623853214684
10002.0 189.75332068309623
10007.6 178.57142857141696
10012.7 196.07843137253502
10018.0 188.67924528304476
10023.0 200.0
10029.3 158.73015873017707
10035.6 158.73015873013122
10042.9 136.98630136987666
10050.8 126.58227848101849
10059.0 121.9512195121843
10065.4 156.2500000000089
10073.6 121.9512195121843
10082.2 116.27906976743694
10088.5 158.73015873017707
10094.6 163.93442622949843
10100.8 161.29032258067355
10106.7 169.49152542368702
10112.2 181.8181818181818
10118.2 166.66666666666666
10125.4 138.88888888890995
10131.4 166.66666666666666
10139.3 126.58227848101849
10145.6 158.73015873013122
10151.7 163.93442622949843
10158.6 144.9275362318917
10165.3 149.2537313433079
10171.1 172.41379310341583
10177.3 161.29032258067355
10183.5 161.29032258062622
10189.3 172.4137931034699
10195.3 166.66666666666666
10202.6 136.98630136984252
10209.2 151.51515151514317
10217.5 120.48192771085394
10224.1 151.51515151514317
10229.3 192.30769230773268
10234.7 185.18518518513528
10240.7 166.66666666666666
10246.6 169.49152542373926
10252.5 169.49152542373926
10257.6 196.07843137253502
10264.6 142.85714285714286
10271.2 151.51515151514317
10278.1 144.9275362318917
10285.8 129.87012987014828
10292.3 153.84615384615384
10299.6 136.98630136984252
10306.6 142.85714285714286
10312.7 163.93442622949843
10320.2 133.33333333333334
10327.5 136.98630136987666
10334.3 147.0588235294275
10340.7 156.24999999996447
10346.7 166.66666666666666
10352.1 185.18518518519767
10360.4 120.48192771085394
10366.5 163.93442622949843
10372.1 178.57142857141696
10380.2 123.45679012345124
10386.9 149.2537313433079
10394.1 138.88888888887485
10401.0 144.9275362318917
10407.9 144.9275362318917
10414.7 147.05882352938815
10421.6 144.9275362318917
10428.7 140.84507042252798
10435.8 140.84507042256408
10442.6 147.05882352938815
10450.0 135.13513513514178
10457.4 135.13513513514178
10464.1 149.25373134326736
10471.1 142.85714285714286
10477.7 151.51515151514317
10485.6 126.58227848101849
10491.9 158.73015873017707
10499.1 138.88888888887485
10506.6 133.33333333333334
10513.4 147.0588235294275
10520.2 147.05882352938815
10527.4 138.88888888890995
10532.9 181.8181818181818
10538.3 185.18518518519767
10543.6 188.67924528298002
10549.0 185.18518518519767
10554.5 181.8181818181818
10559.8 188.67924528304476
10566.0 161.29032258062622
10572.9 144.9275362318917
10579.3 156.2500000000089
10586.1 147.05882352938815
10592.2 163.93442622949843
10599.0 147.0588235294275
10605.6 151.51515151514317
10612.7 140.84507042252798
10619.9 138.88888888890995
10627.6 129.8701298701176
10633.9 158.73015873017707
10640.7 147.05882352938815
10647.3 151.51515151518493
10655.3 125.0
10662.3 142.85714285714286
10669.0 149.25373134326736
10676.1 140.84507042252798
10685.0 112.35955056180235
10691.7 149.25373134326736
10699.2 133.33333333333334
10705.5 158.73015873017707
10712.8 136.98630136987666
10720.1 136.98630136984252
10727.3 138.88888888890995
10734.3 142.85714285714286
10740.4 163.93442622949843
10747.9 133.33333333333334
10755.6 129.8701298701176
10762.1 153.84615384615384
10769.3 138.88888888890995
10777.4 123.45679012345124
10785.2 128.20512820511027
10791.9 149.2537313433079
10799.0 140.84507042252798
10806.2 138.88888888887485
10813.4 138.88888888890995
10820.6 138.88888888887485
10827.9 136.98630136987666
10835.3 135.13513513514178
10843.2 126.58227848098934
10849.7 153.84615384615384
10856.8 140.84507042256408
10864.7 126.58227848098934
10872.3 131.57894736844625
10878.6 158.73015873013122
10883.9 188.67924528304476
10888.8 204.08163265307638
10894.3 181.8181818181818
10899.5 192.3076923076654
10904.8 188.67924528304476
10912.9 123.45679012345124
10920.4 133.33333333333334
10928.0 131.57894736841476
10934.9 144.9275362318917
10941.8 144.9275362318917
10948.9 140.84507042252798
10958.1 108.69565217390445
10966.3 121.95121951221135
10973.6 136.98630136984252
10981.1 133.33333333333334
10988.7 131.57894736841476
10996.6 126.58227848101849
11004.7 123.45679012345124
11011.2 153.84615384615384
11018.5 136.98630136987666
11025.0 153.84615384615384
11032.5 133.33333333333334
11039.5 142.85714285714286
11045.0 181.8181818181818
11050.1 196.07843137253502
11055.1 200.0
11060.5 185.18518518519767
11065.7 192.3076923076654
11070.7 200.0
11075.9 192.30769230773268
11081.0 196.07843137253502
11088.5 133.33333333333334
11095.9 135.13513513514178
11103.7 128.20512820511027
11110.5 147.0588235294275
11116.7 161.29032258062622
11124.0 136.98630136987666
11131.0 142.85714285714286
11137.6 151.51515151514317
11144.7 140.84507042252798
11149.5 208.33333333336492
11154.9 185.18518518519767
11160.0 196.07843137253502
11165.4 185.18518518519767
11170.3 204.08163265307638
11175.5 192.3076923076654
11180.5 200.0
11185.6 196.07843137253502
11191.8 161.29032258067355
11199.0 138.88888888887485
11206.1 140.84507042252798
11213.0 144.9275362318917
11219.5 153.84615384615384
11225.9 156.2500000000089
11233.5 131.57894736841476
11241.3 128.20512820514017
11248.8 133.33333333333334
11255.8 142.85714285714286
11263.3 133.33333333333334
11270.0 149.25373134326736
11276.9 144.9275362318917
11286.3 106.38297872340837
11293.0 149.25373134326736
11299.5 153.84615384615384
11306.7 138.88888888887485
11313.9 138.88888888890995
11320.7 147.05882352938815
11328.3 131.57894736844625
11334.9 151.51515151514317
11341.8 144.9275362318917
11348.7 144.92753623185348
11355.5 147.0588235294275
11363.2 129.8701298701176
11370.2 142.85714285714286
11377.1 144.9275362318917
11383.9 147.0588235294275
11390.5 151.51515151514317
11397.8 136.98630136987666
11406.4 116.27906976743694
11413.7 136.98630136984252
11420.7 142.85714285714286
11427.9 138.88888888890995
11435.4 133.33333333333334
11441.5 163.93442622949843
11448.3 147.0588235294275
11455.5 138.88888888887485
11461.8 158.73015873017707
11469.4 131.57894736841476
11476.5 140.84507042252798
11484.8 120.48192771085394
11492.5 129.8701298701176
11499.9 135.13513513514178
11506.7 147.05882352938815
11513.0 158.73015873017707
11520.3 136.98630136987666
11525.9 178.57142857141696
11531.1 192.3076923076654
11536.5 185.18518518519767
11541.5 200.0
11546.4 204.08163265307638
11551.9 181.8181818181818
11559.0 140.84507042252798
11565.9 144.9275362318917
11572.7 147.05882352938815
11580.3 131.57894736844625
11586.7 156.24999999996447
11593.4 149.2537313433079
11600.9 133.33333333333334
11608.7 128.20512820511027
11615.7 142.85714285714286
11622.4 149.2537313433079
11629.7 136.98630136984252
11637.0 136.98630136987666
11644.0 142.85714285714286
11651.8 128.20512820514017
11658.8 142.85714285714286
11666.3 133.33333333333334
11673.5 138.88888888887485
11680.9 135.13513513514178
11687.8 144.9275362318917
11695.2 135.13513513510856
11701.8 151.51515151518493
11709.1 136.98630136984252
11716.6 133.33333333333334
11723.4 147.0588235294275
11730.5 140.84507042252798
11737.6 140.84507042252798
11744.8 138.88888888890995
11752.4 131.57894736841476
11759.6 138.88888888887485
11765.5 169.49152542373926
11772.3 147.0588235294275
11777.5 192.3076923076654
11783.1 178.57142857141696
11787.8 212.76595744685793
11792.9 196.07843137253502
11799.8 144.9275362318917
11807.0 138.88888888887485
11813.1 163.93442622949843
11820.6 133.33333333333334
11828.0 135.13513513514178
11834.7 149.25373134326736
11842.3 131.57894736844625
11849.7 135.13513513510856
11856.2 153.84615384615384
11863.5 136.98630136987666
11868.6 196.07843137253502
11874.1 181.8181818181818
11880.2 163.93442622949843
11886.4 161.29032258067355
11893.6 138.88888888887485
11899.1 181.8181818181818
11905.4 158.73015873017707
11910.8 185.18518518519767
11917.3 153.84615384615384
11922.9 178.57142857141696
11930.3 135.13513513514178
11936.1 172.41379310341583
11942.2 163.93442622949843
11949.6 135.13513513514178
11956.4 147.0588235294275
11963.1 149.25373134326736
11970.6 133.33333333333334
11977.9 136.98630136987666
11984.5 151.51515151514317
11992.1 131.57894736841476
11998.1 166.66666666666666
12003.7 178.57142857141696
12010.1 156.2500000000089
12015.9 172.4137931034699
12022.1 161.29032258062622
12028.8 149.2537313433079
12034.8 166.66666666666666
12040.9 163.93442622949843
12048.5 131.57894736841476
12054.6 163.93442622949843
12061.5 144.9275362318917
12067.2 175.4385964912057
12074.3 140.84507042256408
12082.3 125.0
12089.0 149.25373134326736
12095.4 156.2500000000089
12101.3 169.49152542373926
12108.4 140.84507042252798
12114.3 169.49152542373926
12121.8 133.33333333333334
12128.3 153.84615384615384
12136.9 116.27906976743694
12143.9 142.85714285714286
12150.7 147.05882352938815
12158.9 121.95121951221135
12164.2 188.67924528298002
12169.9 175.43859649126165
12176.1 161.29032258062622
12184.8 114.9425287356466
12191.6 147.05882352938815
12198.1 153.84615384615384
12205.1 142.85714285714286
12212.5 135.13513513514178
12219.3 147.0588235294275
12225.8 153.84615384615384
12232.6 147.05882352938815
12239.5 144.9275362318917
12246.6 140.84507042252798
12253.6 142.85714285714286
12260.0 156.2500000000089
12266.8 147.0588235294275
12274.0 138.88888888887485
12280.7 149.25373134326736
12287.8 140.84507042256408
12294.0 161.29032258062622
12301.2 138.88888888887485
12307.8 151.51515151518493
12314.6 147.05882352938815
12321.4 147.0588235294275
12328.9 133.33333333333334
12335.0 163.93442622949843
12342.6 131.57894736841476
12350.1 133.33333333333334
12357.7 131.57894736841476
12364.8 140.84507042256408
12371.8 142.85714285714286
12378.5 149.25373134326736
12386.0 133.33333333333334
12390.8 208.33333333336492
12396.0 192.3076923076654
12401.3 188.67924528304476
12406.2 204.0816326530006
12411.1 204.08163265307638
12416.1 200.0
12421.0 204.08163265307638
12426.5 181.8181818181818
12433.3 147.0588235294275
12440.4 140.84507042252798
12447.0 151.51515151514317
12454.1 140.84507042252798
12461.4 136.98630136987666
12467.6 161.29032258062622
12474.4 147.0588235294275
12481.6 138.88888888887485
12487.7 163.93442622949843
12495.3 131.57894736844625
12501.8 153.84615384615384
12508.3 153.84615384615384
12514.7 156.24999999996447
12521.5 147.0588235294275
12527.4 169.49152542373926
12532.0 217.3913043478089
12536.8 208.33333333336492
12542.1 188.67924528298002
12547.4 188.67924528304476
12552.9 181.8181818181818
12560.6 129.8701298701176
12567.9 136.98630136987666
12575.0 140.84507042252798
12581.8 147.0588235294275
12588.9 140.84507042252798
12596.2 136.98630136984252
12602.5 158.73015873017707
12609.4 144.9275362318917
12615.9 153.84615384615384
12622.7 147.05882352938815
12630.1 135.13513513514178
12637.4 136.98630136987666
12643.8 156.2500000000089
12651.0 138.88888888887485
12657.6 151.51515151514317
12665.1 133.33333333333334
12672.9 128.20512820514017
12679.4 153.84615384615384
12685.3 169.49152542373926
12690.2 204.0816326530006
12695.3 196.07843137260497
12700.5 192.3076923076654
12705.6 196.07843137253502
12710.7 196.07843137253502
12716.1 185.18518518519767
12721.1 200.0
12726.2 196.07843137253502
12732.2 166.66666666666666
12737.5 188.67924528304476
12742.5 200.0
12747.6 196.07843137253502
12752.6 200.0
12759.9 136.98630136987666
12765.8 169.49152542373926
12772.8 142.85714285714286
12779.7 144.92753623185348
12786.4 149.2537313433079
12792.8 156.2500000000089
12799.2 156.24999999996447
12806.0 147.0588235294275
12812.8 147.0588235294275
12818.9 163.93442622949843
12825.1 161.29032258062622
12831.5 156.2500000000089
12836.7 192.3076923076654
12841.5 208.33333333336492
12847.0 181.8181818181818
12852.3 188.67924528304476
12857.3 200.0
12862.6 188.67924528298002
12867.8 192.30769230773268
12872.6 208.33333333328596
12878.4 172.4137931034699
12884.2 172.41379310341583
12889.6 185.18518518519767
12894.5 204.08163265307638
12899.5 200.0
12904.3 208.33333333336492
12909.3 200.0
12915.5 161.29032258062622
12921.8 158.73015873017707
12926.7 204.0816326530006
12931.8 196.07843137260497
12937.2 185.18518518513528
12942.3 196.07843137260497
12947.3 200.0
12952.0 212.76595744677556
12957.2 192.3076923076654
12963.7 153.84615384615384
12970.2 153.84615384615384
12976.1 169.49152542373926
12982.7 151.51515151514317
12989.6 144.9275362318917
12996.1 153.84615384615384
13003.4 136.98630136987666
13009.8 156.2500000000089
13016.4 151.51515151514317
13021.5 196.07843137253502
13026.9 185.18518518519767
13032.8 169.49152542373926
13038.9 163.93442622949843
13044.3 185.18518518519767
13050.0 175.4385964912057
13056.5 153.84615384615384
13061.6 196.07843137253502
13066.1 222.22222222222223
13071.6 181.8181818181818
13079.0 135.13513513514178
13085.4 156.2500000000089
13092.6 138.88888888887485
13100.3 129.87012987014828
13107.7 135.13513513510856
13114.1 156.2500000000089
13120.0 169.49152542373926
13127.4 135.13513513514178
13132.4 200.0
13137.6 192.3076923076654
13142.2 217.3913043478089
13147.2 200.0
13152.7 181.8181818181818
13158.3 178.57142857147497
13164.7 156.24999999996447
13171.8 140.84507042256408
13178.6 147.05882352938815
13185.6 142.85714285714286
13191.8 161.29032258067355
13196.7 204.0816326530006
13201.9 192.30769230773268
13207.3 185.18518518519767
13211.7 227.2727272726521
13216.6 204.08163265307638
13221.4 208.33333333336492
13227.9 153.84615384615384
13233.6 175.4385964912057
13238.5 204.08163265307638
13243.0 222.22222222222223
13248.0 200.0
13252.9 204.08163265307638
13257.6 212.76595744677556
13263.4 172.4137931034699
13268.8 185.18518518519767
13273.8 200.0
13278.5 212.76595744677556
13284.0 181.8181818181818
13289.7 175.4385964912057
13294.9 192.30769230773268
13299.6 212.76595744677556
13304.4 208.33333333336492
13309.2 208.33333333328596
13315.4 161.29032258067355
13320.4 200.0
13325.4 200.0
13330.6 192.3076923076654
13335.3 212.76595744685793
13340.3 200.0
13345.4 196.07843137253502
13350.5 196.07843137253502
13355.7 192.3076923076654
13361.0 188.67924528304476
13366.0 200.0
13370.7 212.76595744677556
13375.6 204.08163265307638
13381.1 181.8181818181818
13386.1 200.0
13391.3 192.30769230773268
13396.4 196.07843137253502
13401.6 192.3076923076654
13406.6 200.0
13412.3 175.43859649126165
13417.3 200.0
13422.4 196.07843137253502
13427.1 212.76595744677556
13431.9 208.33333333336492
13436.8 204.08163265307638
13441.7 204.0816326530006
13446.6 204.08163265307638
13451.7 196.07843137253502
13457.0 188.67924528304476
13462.8 172.4137931034699
13467.5 212.76595744677556
13472.6 196.07843137253502
13477.7 196.07843137253502
13482.5 208.33333333336492
13488.0 181.8181818181818
13492.6 217.3913043478089
13497.1 222.22222222222223
13502.7 178.57142857141696
13507.7 200.0
13512.5 208.33333333336492
13517.5 200.0
13526.0 117.6470588235294
13532.1 163.93442622949843
13543.6 86.95652173913044
13555.4 84.74576271186963
13564.5 109.89010989010549
13571.0 153.84615384615384
13577.7 149.25373134326736
13582.9 192.30769230773268
13588.1 192.3076923076654
13593.3 192.30769230773268
13599.0 175.4385964912057
13604.4 185.18518518519767
13609.2 208.33333333328596
13614.0 208.33333333336492
13618.9 204.08163265307638
13623.9 200.0
13630.6 149.25373134326736
13636.8 161.29032258067355
13641.8 200.0
13647.1 188.67924528298002
13652.1 200.0
