97.6135 675392.133260256
148.912 720125.5592268779
184.736 667431.7496650293
212.287 644221.879423614
232.501 621753.7350351242
248.917 604434.5151072126
262.559 591833.8953232653
273.798 588132.9299759777
282.689 579711.1685974569
290.35 580732.5414436756
296.091 579313.8825988518
301.195 583429.4670846412
305.651 582948.8330341091
309.464 570381.3270390786
312.916 591068.6558516806
315.782 582456.0362875117
318.454 587992.8892215512
320.949 573575.5511022033
323.167 585881.8755635811
325.177 575811.9402984938
326.934 574480.3642572551
328.548 573270.755886006
329.971 580359.1004919177
331.373 584118.4022824591
332.564 569662.4685138391
333.715 581487.4022589287
334.778 572809.0310441903
335.667 601654.6681665109
336.604 589583.7780149338
337.438 587773.3812949618
338.159 604672.6768377223
338.873 596957.9831932784
339.503 604758.7301587345
340.176 588775.6315007414
340.792 601011.3636363778
341.406 597618.8925081114
341.954 596624.0875912389
342.434 631989.5833333094
342.902 613226.495726547
343.336 618999.999999963
343.733 621528.9672544216
344.131 611889.4472362306
344.515 626338.5416666429
344.876 620609.4182825657
345.237 609548.4764542145
345.557 627425.0000000134
345.856 645525.0836120873
346.119 609167.3003801502
346.337 659821.1009175496
346.517 655194.4444444196
346.707 606336.8421052704
346.873 652120.4819277234
347.043 656776.4705881738
347.202 652578.6163522349
347.355 604026.1437907707
347.514 618270.4402516042
347.652 666376.8115943149
347.79 674775.3623186761
347.916 631793.6507937694
348.069 606058.8235293325
348.196 635543.3070865663
348.324 667671.8750000736
348.432 669712.9629629375
348.55 647101.6949152817
348.66 633663.6363635578
348.788 621750.0000000685
348.909 628685.9504133224
349.024 663034.7826086432
349.124 665189.9999998488
349.23 667301.8867924872
349.327 665515.4639176631
349.43 621951.4563106274
349.533 613320.3883494631
349.629 645697.9166666422
349.712 678602.4096387996
349.805 675279.5698923443
349.902 638597.9381444616
349.996 600744.6808511016
350.087 626263.7362636799
350.167 654375.0000001302
350.249 677560.975609339
350.327 672705.1282053478
350.41 681506.0240961652
350.493 666000.0000002409
350.581 612749.9999998448
350.654 634589.0410960723
350.736 620085.3658537067
350.812 691289.473684012
350.888 678894.7368424181
350.955 665761.1940297785
351.03 667160.0000001012
351.098 691676.4705878237
351.171 635205.4794522368
351.241 626500.000000061
351.31 625594.2028983982
351.379 643275.3623186838
351.444 682015.3846154085
351.504 677133.3333333076
351.565 685311.4754100762
351.632 656761.1940297794
351.699 641074.626865602
351.765 619636.363636607
351.826 624672.1311471778
351.898 648638.8888888643
351.96 655500.000000476
352.021 676131.1475405905
352.081 673416.6666666411
352.141 695249.9999999737
352.197 668375.0000002008
352.251 658925.9259262477
352.31 650949.1525420869
352.376 633787.8787881277
352.43 656611.1111107407
352.483 666886.7924528645
352.536 691584.905660413
352.586 696539.9999998417
352.633 688531.9148940766
352.687 688925.9259255372
352.734 666468.0851068279
352.784 696899.9999998416
352.832 720874.9999999726
352.879 667468.0851060214
352.928 680775.5102043849
352.972 661340.9090911688
353.021 693469.3877546064
353.065 669454.5454548084
353.109 661295.4545457143
353.147 709289.4736840068
353.188 699707.317073225
353.23 683928.5714280827
353.271 696536.5853659078
353.312 717243.9024390801
353.347 719657.1428577973
353.387 710124.9999996367
353.425 725526.3157892653
353.462 707162.1621625881
353.495 723727.2727269336
353.53 723571.4285720866
353.567 670675.6756750492
353.601 666647.0588236899
353.637 665277.7777777526
353.672 718257.1428566296
353.709 693324.3243247418
353.741 707000.0000003919
353.776 683799.9999995114
353.808 724750.0000004016
353.841 701666.6666663379
353.873 691156.250000383
353.904 705419.3548385751
353.934 710933.3333326329
353.963 720000.0000000903
353.993 703800.00000064
354.019 730461.5384612447
354.046 756629.6296299992
354.074 734785.7142851892
354.103 693724.1379311215
354.132 695896.5517242253
354.163 662290.3225805189
354.193 717133.3333339855
354.222 669965.5172414633
354.251 692275.8620690524
354.278 658407.4074063428
354.304 706884.6153858765
354.33 705730.7692304853
354.356 701384.6153843332
354.384 705464.2857137816
354.411 721222.2222225745
354.438 639407.4074077198
354.462 713791.6666666396
354.488 653653.8461535833
354.512 689083.3333333072
354.536 719208.3333333061
354.559 717826.0869557554
354.582 762521.7391315053
354.604 717590.9090911909
354.626 770500.0000003026
354.647 725428.5714280531
354.67 733695.6521731297
354.693 747391.3043488753
354.715 730636.3636366506
354.737 707636.3636348131
354.758 705142.857144262
354.778 735949.9999985776
354.798 719900.0000006547
354.819 750857.1428566063
354.84 744190.4761919588
354.861 673952.3809518993
354.883 748045.4545457483
354.903 701849.9999986435
354.924 691809.523810902
354.943 787368.4210524055
354.961 805166.6666653648
354.98 721263.1578945296
354.997 776529.4117648929
355.016 699263.157894536
355.035 730578.9473682112
355.053 762944.4444456202
355.072 674105.2631577011
355.092 663750.0000006037
355.111 724052.6315787394
355.13 709473.6842103226
355.15 643250.000000585
355.169 680473.6842103308
355.188 652157.8947366548
355.209 569952.3809519736
355.227 640500.0000009871
355.246 631631.578947187
355.263 662470.5882354536
355.281 701666.6666655322
355.298 709176.4705884061
355.315 707235.2941178173
355.333 617666.666665668
355.351 635666.6666676463
355.369 710722.2222210731
355.388 628684.2105280161
355.406 648944.4444433951
355.423 671117.6470589851
355.441 648555.555556555
355.457 691624.9999991547
355.473 654999.9999991995
355.487 758714.2857137435
355.501 744285.7142882044
355.515 758571.4285708865
355.53 689733.3333339606
355.545 676599.9999980513
355.563 596833.333334253
355.579 654499.9999992001
355.594 690866.666667295
355.611 610352.9411766175
355.627 595624.999999272
355.643 670500.0000015626
355.658 619666.666664882
355.675 600470.5882354387
355.691 603937.5000014076
355.708 622058.8235274815
355.723 625400.0000005688
355.739 589312.5000013735
355.754 625066.6666648664
355.769 619466.6666672301
355.784 632733.3333339088
355.8 593499.9999992746
355.816 595937.5000013888
355.831 610599.9999982414
355.845 648499.9999995366
355.861 550125.0000012821
355.877 555312.4999993213
355.891 614428.5714281324
355.906 594200.0000005404
355.921 576800.0000005246
355.937 550249.9999993275
355.952 572400.0000005206
355.967 599866.6666672123
355.98 639076.9230752687
355.996 521000.0000012142
356.008 602499.9999999772
356.022 591928.5714281484
356.035 615384.6153830225
356.05 555333.3333338384
356.065 512733.3333337997
356.079 588999.999999579
356.092 625615.3846165007
356.106 560142.8571424568
356.12 511214.2857139204
356.134 569857.1428567356
356.148 522785.7142853407
356.16 628916.6666666429
356.172 592249.9999999775
356.184 581833.3333333113
356.196 599833.3333333106
356.209 589000.0000010508
356.221 636916.6666666425
356.233 605499.9999999771
356.244 711999.9999984399
356.254 688900.0000006265
356.265 672636.3636383658
356.274 742555.5555543549
356.285 667090.9090894475
356.295 695100.0000006321
356.305 739500.0000006725
356.315 664600.0000006044
356.324 744444.4444432408
356.333 734666.6666654788
356.343 693100.0000006304
356.352 738666.6666701377
356.361 702777.7777766414
356.371 726100.0000006604
356.38 777222.2222209655
356.39 735300.0000006688
356.4 691400.0000006289
356.409 696666.6666655402
356.418 690555.555554439
356.428 723500.000000658
356.439 621454.5454531838
356.449 670400.0000006098
356.46 579636.3636380889
356.472 537999.9999999796
356.484 552249.999999979
356.496 569666.6666666451
356.509 505076.92307561566
356.52 581909.090910823
356.532 563249.9999999787
356.542 599500.0000005453
356.554 500083.3333333144
356.566 502333.3333333143
356.575 647333.3333322867
356.587 511166.6666666473
356.598 569727.2727260244
356.608 604300.0000005496
356.617 687777.7777766658
356.626 671777.7777809345
356.634 706374.9999966272
356.643 675333.3333365067
356.652 629444.4444434267
356.661 669999.9999989166
356.67 675777.7777766851
356.68 630900.0000005738
356.691 553545.4545471022
356.702 514181.81818069157
356.712 553800.0000005037
356.722 600200.0000005459
356.731 633999.9999989748
356.739 723125.0000016853
356.748 653222.222221166
356.757 634333.3333323076
356.767 611100.0000005558
356.777 567800.0000005164
356.786 585555.5555546088
356.795 669111.1111100293
356.804 634444.4444474258
356.813 597777.7777768113
356.823 561000.0000005102
356.833 555499.9999973476
356.842 551111.1111137008
356.851 581444.4444435043
356.861 530600.0000004825
356.87 557444.4444435431
356.878 638125.0000014872
356.885 722285.7142851981
356.893 645250.0000015039
356.901 693124.9999966904
356.908 796571.4285708594
356.916 658500.0000015347
356.923 731142.8571423347
356.932 555666.6666657683
356.939 738428.5714280438
356.946 693714.28571379
356.954 628500.0000014647
356.961 771999.9999994483
356.969 672250.0000015667
356.976 710142.8571423497
356.985 566444.4444435285
356.992 707571.4285709229
356.999 747999.9999994654
357.007 633250.0000014758
357.013 779333.3333369954
357.02 693857.142856647
357.028 610874.9999970832
357.035 695571.4285709315
357.043 653250.0000015225
357.05 701857.1428566413
357.057 689857.1428566499
357.064 663714.2857138114
357.071 660857.1428566707
357.078 669142.8571478127
357.085 635142.8571424033
357.093 579499.9999972329
357.101 609000.0000014193
357.108 641142.857142399
357.116 598500.0000013949
357.123 634999.9999995462
357.13 648999.9999995362
357.138 564375.0000013154
357.144 703333.333329975
357.152 593750.0000013838
357.159 627857.1428566942
357.166 632285.7142852624
357.174 587875.0000013701
357.181 674428.5714280895
357.188 668714.2857138078
357.195 633571.4285709758
357.203 579000.0000013494
357.21 638142.8571424012
357.217 674142.8571423754
357.224 636999.9999995448
357.231 653714.2857138186
357.238 625571.4285709815
357.245 603714.2857138542
357.252 624428.5714281253
357.259 615857.1428567028
357.266 624714.2857138393
357.273 617142.8571424162
357.28 638714.285719016
357.286 690166.6666633713
357.293 654285.7142852467
357.3 609142.8571424219
357.307 649571.4285709644
357.314 589285.7142852931
357.323 495000.00000232604
357.33 619285.7142852717
357.338 554624.9999973518
357.346 506875.0000011813
357.354 493250.00000114954
357.362 503374.9999975965
357.369 517571.4285710587
357.377 489125.00000113994
357.384 536999.9999996163
357.392 511875.00000119297
357.4 542500.0000012644
357.407 602857.1428567121
357.415 510249.99999756366
357.422 561428.5714281702
357.429 565285.7142899007
357.436 525428.5714281959
357.443 551142.8571424633
357.449 657499.9999968605
357.455 678833.3333365232
357.461 644333.3333302567
357.466 730800.0000006646
357.472 618666.6666695739
357.479 539714.2857139
357.485 631666.6666636505
357.491 639833.3333363399
357.497 623333.333330357
357.503 643333.3333363564
357.508 808800.0000007356
357.514 612999.999997073
357.52 653666.6666697382
357.525 716200.0000006513
357.531 621333.3333303665
357.537 644000.0000030262
357.543 613333.3333304047
357.548 780800.0000007101
357.554 687166.6666698958
357.56 632499.99999698
357.566 630666.6666696302
357.571 737199.9999922895
357.577 603333.3333361684
357.583 626166.6666636768
357.59 561142.857147013
357.596 636833.3333302926
357.602 608500.0000028594
357.608 600833.3333304644
357.614 622666.6666695926
357.621 516571.4285710594
357.627 591999.9999971733
357.633 618500.0000029063
357.639 623666.6666636887
357.645 579833.333336058
357.65 703000.0000006394
357.656 558166.6666640015
357.662 561166.6666693037
357.668 550499.9999973715
357.674 576500.000002709
357.679 637200.0000005795
357.685 602666.6666637891
357.691 533500.000002507
357.697 567166.6666639586
357.703 556833.3333359499
357.708 657399.9999931242
357.714 536166.6666691861
357.72 587833.3333305265
357.725 656200.0000005969
357.732 519285.7142853432
357.737 656200.0000005969
357.743 554833.3333359405
357.749 526666.6666641519
357.754 652800.0000005937
357.76 535666.6666691838
357.765 676800.0000006156
357.771 588833.3333305217
357.777 520666.6666691133
357.782 652800.0000005937
357.787 677200.000000616
357.793 515999.9999975362
357.798 644200.0000005859
357.804 547166.6666692378
357.809 643399.9999932706
357.815 577333.3333360462
357.82 650400.0000005915
357.825 662400.0000006024
357.83 664600.0000006044
357.835 602200.0000005477
357.84 610400.0000005552
357.846 533166.6666641209
357.851 674800.0000006137
357.856 620200.000000564
357.861 608000.000000553
357.866 631200.000000574
357.871 644600.0000005863
357.876 612400.0000005569
357.882 548999.9999973786
357.887 605800.000000551
357.892 635600.0000005781
357.897 639600.0000005817
357.902 639600.0000005817
357.907 607000.000000552
357.911 774249.9999963031
357.916 604800.0000005501
357.921 611400.0000005561
357.926 626800.0000005701
357.931 630800.0000005737
357.936 606400.0000005516
357.94 737999.9999964761
357.945 648800.0000005901
357.95 608200.0000005532
357.955 637800.0000005801
357.96 592000.0000005384
357.965 588200.0000005349
357.971 523166.66666416865
357.976 605000.0000005503
357.981 582800.00000053
357.986 586200.0000005332
357.991 600200.0000005459
357.997 510333.33333089657
358.002 564600.0000005135
358.007 591600.0000005381
358.012 571000.0000005193
358.017 581000.0000005284
358.022 587800.0000005346
358.027 579400.000000527
358.032 576600.0000005245
358.037 560800.00000051
358.042 621600.0000005653
358.047 597799.9999937474
358.052 567400.0000005161
358.058 502666.66666902875
358.063 552600.0000005026
358.068 564600.0000005135
358.073 557600.0000005071
358.077 697999.9999966671
358.082 589600.0000005362
358.088 501666.66666427127
358.093 581800.0000005291
358.098 548200.0000004986
358.103 552000.0000005021
358.109 481000.00000226026
358.114 555600.0000005054
358.119 560799.9999941345
358.124 554800.0000005045
358.128 695500.0000065628
358.133 547800.0000004983
358.138 567000.0000005157
358.143 593200.0000005395
358.147 692999.999996691
358.152 568800.0000005173
358.157 560600.0000005099
358.162 565600.0000005144
358.166 674749.9999967782
358.171 552400.0000005024
358.175 691249.9999966994
358.179 671750.0000063386
358.184 558599.9999941575
358.188 673000.0000063505
358.193 563600.0000005126
358.198 576800.0000005246
358.202 697499.9999966696
358.207 562600.0000005116
358.211 663249.999996833
358.216 537000.0000004884
358.22 652749.9999968832
358.225 512200.00000046584
358.229 674750.000006367
358.234 571800.00000052
358.238 629749.999996993
358.243 568200.0000005168
358.247 681249.9999967471
358.252 554200.0000005041
358.256 698750.0000065934
358.261 537199.9999943813
358.265 653750.0000061688
358.269 681499.999996746
358.274 556000.0000005057
358.278 629999.9999969918
358.282 619000.0000058409
358.287 506400.0000004606
358.291 639499.9999969465
358.295 617499.9999970515
358.299 658500.0000062137
358.304 497400.0000004524
358.308 617249.9999970527
358.312 623999.9999970205
358.316 674250.0000063622
358.321 522399.9999945361
358.326 538200.0000004895
358.33 646000.0000060956
358.335 527400.0000004796
358.339 655249.9999968713
358.344 493600.00000044896
358.348 655749.9999968689
358.353 527600.0000004799
358.357 623499.9999970229
358.362 507000.0000004611
358.367 520600.00000047346
358.372 503000.00000045745
358.376 622750.0000058763
358.381 496200.0000004513
358.385 606999.9999971017
358.39 509200.0000004631
358.394 613999.9999970682
358.399 504400.00000045873
358.403 614749.9999970647
358.407 621500.0000058644
358.412 511600.0000004653
358.416 628499.999996999
358.42 625499.9999970134
358.425 522000.00000047474
358.429 615500.0000058078
358.433 605499.9999971088
358.438 477200.000000434
358.443 516600.00000046985
358.447 587999.9999971924
358.451 593499.9999971661
358.456 473400.00000043056
358.46 629000.0000059352
358.465 480000.00000043656
358.469 641499.9999969369
358.474 470600.000000428
358.478 610499.999997085
358.482 603999.999997116
358.487 473600.00000043074
358.491 628750.0000059329
358.495 585499.9999972043
358.5 460200.0000004186
358.504 602749.999997122
358.508 613250.0000057867
358.513 492200.0000004477
358.517 586999.9999971972
358.521 568999.9999972831
358.526 472000.0000004293
358.53 593750.0000056026
358.534 594999.999997159
358.538 601749.9999971268
358.542 591500.0000055814
358.546 564249.9999973058
358.551 489400.0000004451
358.555 611999.9999970777
358.559 618249.9999970479
358.563 560500.0000052889
358.567 544249.9999974013
358.571 591999.9999971733
358.576 489600.0000004453
358.58 573750.0000054139
358.585 482600.00000043894
358.589 564249.9999973058
358.593 587999.9999971924
358.597 576500.0000054399
358.601 558749.9999973321
358.605 575499.9999972521
358.61 477400.0000004342
358.614 588000.0000055484
358.618 594249.9999971625
358.622 572749.9999972652
358.626 563750.0000053196
358.63 523499.9999975004
358.634 560499.9999973237
358.638 569500.0000053738
358.642 563749.9999973081
358.646 590249.9999971817
358.65 562250.0000053054
358.654 558999.9999973308
358.657 739666.6666701424
358.661 573999.9999972592
358.665 538249.9999974299
358.669 542750.0000051213
358.673 555749.9999973464
358.676 732000.0000034397
358.68 566749.9999972938
358.684 553249.9999973583
358.688 568500.0000053644
358.691 692666.6666699216
358.695 546249.9999973917
358.699 547249.9999973869
358.703 515000.0000048595
358.706 726666.6666563125
358.71 542750.0000051213
358.714 551249.9999973678
358.718 550999.999997369
358.721 720333.3333367183
358.725 548999.9999973786
358.729 534000.0000050388
358.732 737666.6666561558
358.736 550000.0000051898
358.74 515499.9999975386
358.743 710333.3333366712
358.747 539249.9999974251
358.751 552250.000005211
358.755 491999.9999976508
358.759 538999.9999974264
358.762 689000.0000032376
358.766 533999.9999974503
358.769 717333.3333367042
358.773 550749.9999973703
358.776 705000.0000033128
358.779 710666.6666700061
358.783 516999.9999975314
358.786 710333.3333366712
358.789 690333.3333365773
358.792 692333.3333365866
358.795 680333.3333236395
358.799 529250.000004994
358.802 714333.333323155
358.806 536500.0000050624
358.81 550999.999997369
358.816 354333.33333499834
358.82 502249.99999760184
358.824 525499.9999974908
358.827 694000.0000032611
358.831 511249.9999975589
358.837 342666.6666682769
358.841 500999.9999976078
358.845 495249.99999763526
358.849 496500.00000468496
358.853 540499.9999974192
358.858 426600.000000388
358.862 529999.9999974694
358.866 529250.000004994
358.87 508999.9999975696
358.873 714000.0000033551
358.876 702000.0000032987
358.879 659999.9999905959
358.883 512500.00000483595
358.886 693666.6666567827
358.889 675666.6666698416
358.893 545250.000005145
358.897 517249.9999975302
358.9 682000.0000032048
358.906 341499.99999836937
358.91 506749.99999758037
358.914 503750.0000047534
358.918 506999.99999757914
358.923 406400.0000003696
358.927 517499.999997529
358.931 507250.0000047864
358.935 518499.99999752425
358.938 662666.6666697806
358.942 512249.99999755406
358.945 686000.0000032235
358.948 669000.0000031437
358.952 489999.99999766034
358.957 397600.00000036164
358.961 487749.99999767105
358.966 414400.0000003769
358.971 395200.00000035943
358.976 399800.0000003636
358.981 409800.0000003727
358.985 506499.99999758153
358.989 471000.0000044444
358.993 484249.99999768776
358.997 475499.99999772955
359.001 498750.0000047062
359.004 683333.3333235967
359.007 649333.3333363846
359.01 621666.666669588
359.013 613666.6666695504
359.016 641999.9999908523
359.019 672666.6666698275
359.024 377800.0000003436
359.029 385200.00000035035
359.035 319333.33333180856
359.04 378600.00000034436
359.044 485750.00000458356
359.048 460999.9999977988
359.051 608000.0000028571
359.055 467749.9999977666
359.059 495749.99999763287
359.063 474500.0000044774
359.066 644000.0000030262
359.069 607333.3333246796
359.072 603000.0000028335
359.075 646666.6666697054
359.078 613000.0000028805
359.081 628666.6666577089
359.084 637000.0000029933
359.087 619666.6666695785
359.09 596666.6666694705
359.093 621333.3333244801
359.097 455750.00000430044
359.1 638666.6666575664
359.104 472750.00000446086
359.108 460499.9999978012
359.111 610333.3333362014
359.115 489749.9999976615
359.119 466499.9999977725
359.123 453000.00000427454
359.127 466749.99999777135
359.131 465500.00000439247
359.135 458749.99999780953
359.139 470749.99999775225
359.142 588666.6666694329
359.146 471499.99999774864
359.149 647000.0000030403
359.152 623666.6666695973
359.155 587666.6666694281
359.158 612333.3333246084
359.162 447750.00000422494
359.165 626999.999991066
359.168 583000.0000027396
359.171 614333.3333362201
359.174 628666.6666696208
359.177 620666.6666578229
359.18 627000.0000029464
359.184 460499.9999978012
359.187 599000.0000028147
359.19 603000.0000028335
359.193 585333.3333360838
359.196 612666.6666579369
359.199 600666.6666694892
359.201 918499.9999956143
359.204 599666.6666694846
359.207 632000.0000029698
359.21 593333.3333361214
359.213 584666.666658336
359.216 625333.3333362718
359.219 604000.0000028382
359.223 457499.9999978155
359.227 443000.0000041801
359.23 596333.3333248363
359.234 443250.0000041825
359.238 450749.9999978477
359.242 458749.99999780953
359.245 597333.3333361403
359.249 428249.99999795516
359.253 446000.0000042085
359.257 447999.99999786087
359.26 591000.0000027771
359.264 450499.99999784894
359.268 431750.000004074
359.271 576666.6666584499
359.274 611000.0000028712
359.277 586000.0000027537
359.28 600333.3333361543
359.282 872999.9999958315
359.285 556666.6666587349
359.289 448750.00000423443
359.293 443499.99999788235
359.298 362600.0000003298
359.302 419999.9999979946
359.307 354000.00000032195
359.31 566666.6666693295
359.314 435249.99999792175
359.318 423000.0000039914
359.322 430249.9999979456
359.326 418749.9999980005
359.329 550333.3333359194
359.332 575666.6666693718
359.335 591000.0000027771
359.338 600666.6666581079
359.341 587333.3333360932
359.344 564333.3333359852
359.347 574666.6666693671
359.352 342800.00000031176
359.357 335199.9999964941
359.362 349000.0000003174
359.367 339800.000000309
359.372 346200.00000031485
359.376 437500.00000412826
359.38 424749.99999797187
359.384 420499.9999979922
359.388 427750.00000403624
359.392 435749.99999791937
359.396 428499.999997954
359.4 421000.00000397256
359.404 430999.99999794207
359.408 407999.99999805185
359.412 435500.0000041094
359.417 337000.0000003065
359.422 341599.99999642716
359.427 350000.00000031834
359.431 433250.00000408816
359.435 411749.999998034
359.439 427249.99999795994
359.444 343400.00000031234
359.447 555000.0000026079
359.45 551666.666669259
359.453 534000.0000025093
359.456 573999.9999918212
359.461 332600.0000003025
359.467 271333.33333460835
359.471 407499.99999805423
359.474 560666.6666693012
359.478 418249.9999980029
359.481 534000.0000025093
359.484 534666.6666691791
359.488 410749.99999803875
359.491 560333.3333359663
359.495 401749.9999980817
359.499 410749.99999803875
359.503 413500.0000039018
359.507 393499.9999981211
359.511 408749.9999980483
359.515 400250.00000377675
359.519 402749.99999807694
359.522 531000.0000024952
359.525 556666.6666692825
359.528 538666.6666589914
359.531 554333.3333359382
359.534 535333.3333358489
359.537 538666.6666691978
359.539 798999.999996185
359.542 540333.3333358724
359.545 527999.9999924767
359.547 797499.999996192
359.55 547000.0000025703
359.553 533666.6666691744
359.556 533000.0000025046
359.558 804999.9999961562
359.561 529333.3333358207
359.563 788499.999996235
359.566 504333.33333570324
359.569 529666.6666591195
359.571 775999.9999962947
359.574 526333.3333358066
359.576 825499.9999960584
359.579 551333.3333359241
359.581 806999.9999961467
359.584 531000.0000024952
359.586 779499.999996278
359.589 521666.666669118
359.591 792999.9999962136
359.594 549666.6666692495
359.596 818999.9999960894
359.599 522000.0000024529
359.601 787499.9999962398
359.604 518333.333335769
359.607 547999.9999921917
359.609 825000.0000195086
359.612 523333.3333258765
359.614 800500.0000189294
359.618 388999.9999981426
359.623 309000.000000281
359.626 528333.333335816
359.629 525999.9999925052
359.633 374000.0000035291
359.636 527333.3333258195
359.64 395000.0000037272
359.644 392499.9999981259
359.648 382999.99999817123
359.652 377750.00000356446
359.656 395749.99999811035
359.659 519333.3333357737
359.662 520000.0000024435
359.666 377999.9999981951
359.669 498333.333335675
359.672 529999.9999924481
359.675 517333.3333357643
359.678 531333.3333358301
359.681 503333.3333356985
359.684 510999.99999271886
359.687 517333.3333357643
359.69 512666.6666690757
359.693 507333.3333357173
359.696 500333.3333262042
359.7 392250.00000370125
359.703 523000.0000024576
359.706 516333.3333259762
359.709 505666.66666904284
359.712 508666.6666690569
359.715 498666.66666900995
359.718 497333.33332624694
359.721 494000.0000023213
359.724 512000.0000024059
359.727 483333.3333356045
359.73 517999.99999261915
359.733 508666.6666690569
359.736 505333.3333357079
359.739 505333.3333357079
359.742 508333.33332609024
359.745 511333.3333357361
359.748 506333.3333357126
359.751 493000.0000023166
359.754 508333.33332609024
359.757 491666.66666897706
359.76 509333.3333357267
359.763 507666.6666690522
359.766 495666.66665960406
359.769 498333.333335675
359.773 367999.9999982429
359.778 302000.0000002747
359.782 378750.0000035739
359.786 373999.9999982142
359.789 488000.00000229315
359.793 369249.9999982369
359.796 494666.66666899115
359.799 469666.66666887363
359.804 293800.00000026723
359.808 396249.99999810796
359.811 485666.66666894883
359.814 498666.6666595613
359.816 741000.0000175224
359.819 490999.99999300385
359.821 748999.9999964236
359.824 495666.6666689958
359.826 735499.9999964881
359.829 481333.33333559515
359.831 736999.9999964809
359.833 716499.9999965788
359.836 492000.00000231195
359.838 743499.9999964499
359.841 504000.00000236835
359.845 355749.9999983013
359.85 290400.00000026415
359.855 287400.0000002614
359.859 376500.00000355265
359.864 283200.00000025757
359.867 492666.6666596468
359.872 288200.0000002621
359.876 358750.0000033852
359.88 363999.999998262
359.883 480666.6666689253
359.886 485666.66665974655
359.889 483333.3333356045
359.892 468000.00000219914
359.895 463333.3333355106
359.898 477333.3333265319
359.902 368250.0000034748
359.905 488666.6666689629
359.908 483666.666659775
359.911 490666.66666897235
359.914 489000.00000229786
359.917 494666.66666899115
359.92 486333.3333264037
359.923 486000.0000022837
359.926 482333.33333559986
359.929 488000.00000229315
359.932 473333.3333265889
359.935 475333.333335567
359.938 478000.0000022462
359.941 473333.33333555755
359.944 466666.6666600173
359.946 711499.9999966027
359.949 470333.33333554346
359.952 476333.33333557163
359.955 455333.33333547297
359.958 467999.9999933316
359.961 459000.0000021569
359.964 475333.333335567
359.966 689499.9999967078
359.969 468666.666668869
359.972 456666.66666881257
359.975 454666.66666018823
359.978 463666.66666884546
359.98 709999.9999966099
359.983 469666.66666887363
359.986 463000.0000021757
359.989 460666.66666883137
359.992 469666.6666599745
359.995 464000.00000218034
359.997 675999.9999967722
360.001 353750.000003338
360.004 457666.6666601455
360.007 464666.6666688502
360.01 458333.33333548706
360.014 338249.9999983849
360.017 454666.6666688032
360.022 279600.0000002543
360.025 466333.33333552466
360.028 454333.33332685963
360.031 475666.66666890186
360.034 454000.00000213337
360.037 474000.0000022274
360.041 340249.99999837537
360.044 470666.66666887834
360.047 468666.66665998875
360.051 341250.00000322005
360.053 678999.9999967578
360.056 454333.33333546825
360.058 689499.9999967078
360.06 669499.9999968032
360.063 449333.3333354448
360.065 717999.9999965717
360.068 456666.66666881257
360.07 665499.9999968223
360.072 677499.999996765
360.075 455000.0000021381
360.077 681499.999996746
360.08 461333.33333550114
360.082 679499.9999967555
360.084 669499.9999968032
360.087 451333.33333545417
360.089 678499.9999967603
360.092 452666.66666879377
360.094 684499.9999967316
360.097 461000.00000216626
360.099 688499.9999967125
360.101 668499.999996808
360.105 323249.9999984565
360.11 268600.0000002443
360.115 260400.00000023685
360.119 337999.9999983861
360.124 277600.0000002525
360.129 267800.00000024354
360.132 444666.66666875617
360.136 333749.9999984064
360.139 442666.6666687468
360.143 340250.0000032106
360.146 442666.66666035925
360.149 450333.33333544945
360.153 327249.9999984374
360.156 452666.66666879377
360.16 327999.99999843386
360.163 442666.6666687468
360.167 328000.000003095
360.17 439333.3333270734
360.173 453666.6666687985
360.177 328499.9999984315
360.181 336500.0000031752
360.185 330249.9999984231
360.19 266200.0000002421
360.194 331499.99999841716
360.197 456000.0000021428
360.2 439666.6666687327
360.204 337249.9999983897
360.207 437333.3333353884
360.21 437000.0000020535
360.213 440333.3333270591
360.215 677500.0000160207
360.217 656499.9999968653
360.219 674999.9999967769
360.221 632999.9999969775
360.224 430000.0000020206
360.226 667999.9999968105
360.23 328499.9999984315
360.233 435333.33333537896
360.236 435333.33333537896
360.239 435666.6666687139
360.242 437999.99999375903
360.245 444333.3333354213
360.248 445666.6666687609
360.251 431333.3333353602
360.254 439666.66666040197
360.259 270600.0000002461
360.263 330000.0000031139
360.268 262800.000000239
360.273 263399.99999724503
360.278 258200.00000023484
360.283 254800.00000023175
360.286 436666.66666871856
360.289 425666.6666686669
360.292 429666.6666686857
360.295 436999.9999937733
360.298 434000.00000203936
360.302 328499.9999984315
360.305 433000.0000020347
360.308 432333.3333353649
360.311 432666.66666869976
360.313 655999.9999968677
360.315 637499.9999969561
360.317 653999.9999968773
360.319 641999.9999969346
360.324 249000.00000022646
360.327 425000.0000019971
360.33 432666.66666869976
360.335 266400.0000002423
360.339 323499.99999845534
360.344 268200.00000024395
360.348 317999.9999984816
360.352 328750.00000310206
360.355 431666.66666051594
360.358 418000.0000019642
360.361 436666.66666871856
360.364 423333.3333353226
360.367 417999.999994044
360.37 445000.00000209105
360.373 418666.666668634
360.376 425333.333335332
360.379 425333.33332727285
360.381 659000.0000155832
360.383 635999.9999969632
360.386 430333.3333272016
360.388 623500.0000147438
360.392 321999.9999984625
360.397 252000.0000002292
360.402 252600.00000022975
360.407 260600.00000023702
360.41 417333.3333273869
360.414 320000.0000030195
360.419 249000.00000022646
360.422 421999.99999398703
360.425 426000.0000020018
360.428 424666.6666686622
360.431 411000.00000193133
360.434 423333.33332730137
360.438 315000.0000029723
360.441 420000.0000019736
360.444 412333.3333274581
360.447 417333.3333352944
360.449 619999.9999970396
360.452 417333.3333352944
360.458 212166.6666656536
360.463 256000.00000023283
360.468 248000.00000022555
360.472 302250.00000285206
360.477 245000.00000022282
360.48 412666.66666078666
360.485 248800.00000022628
360.489 310750.0000029322
360.492 417666.6666607154
360.496 309750.0000029228
360.499 420999.9999940013
360.503 313750.00000296056
360.506 411333.3333352662
360.509 411333.3333274723
360.513 310250.0000029275
360.518 249400.00000022684
360.524 203999.99999902592
360.528 309999.9999985198
360.531 396000.00000186084
360.536 245600.00000022337
360.54 312249.99999850907
360.543 410000.0000019266
360.546 419666.6666686387
360.55 308999.99999852455
360.553 399666.6666685447
360.556 412666.6666686058
360.559 398333.3333276576
360.562 406666.66666857764
360.567 243200.0000002212
360.569 609499.9999970897
360.574 236200.00000021482
360.579 234800.00000021356
360.583 296999.9999985819
360.586 392666.6666685118
360.59 288750.00000272464
360.594 293249.99999859976
360.597 405000.0000019031
360.6 391333.3333277573
360.603 384000.00000180444
360.606 395000.0000018561
360.609 391000.0000018373
360.612 382666.66666121414
360.615 395000.0000018561
360.617 591999.9999971733
360.619 566999.9999972926
360.621 572500.0000135378
360.624 375333.3333279853
360.627 385333.33333514404
360.63 378000.00000177626
360.633 389666.6666684977
360.636 385333.3333278428
360.639 392333.3333351769
360.642 385333.33333514404
360.646 295999.99999858666
360.65 293500.00000276946
360.655 228800.0000002081
360.659 292249.99999860453
360.663 289499.9999986177
360.668 230600.00000020972
360.67 567499.9999972903
360.673 383666.66666846955
360.676 380000.00000178564
360.679 384000.00000180444
360.682 377333.3333279568
360.684 573499.9999972617
360.687 387000.0000018185
360.69 385333.33333514404
360.693 380000.00000178564
360.696 386333.33332782856
360.698 582500.0000137743
360.701 383666.6666611999
360.704 379666.66666845075
360.707 384666.6666684742
360.709 570499.999997276
360.711 577999.9999972401
360.713 579999.9999972306
360.718 229600.00000020882
360.722 293500.00000276946
360.725 379999.99999458547
360.729 289250.00000272936
360.733 281749.9999986547
360.737 286249.9999986332
360.741 287000.0000027081
360.745 284249.9999986428
360.749 287499.99999862723
360.751 585000.0000138334
360.754 369999.99999472796
360.757 380666.66666845547
360.76 375666.66666843195
360.762 574499.9999972569
360.765 386666.66666848364
360.768 377666.6666684413
360.771 378333.3333279425
360.774 380333.3333351205
360.778 277999.9999986726
360.781 380666.66666845547
360.784 377333.33333510644
360.787 371333.33333507826
360.791 281749.9999986547
360.796 226400.0000002059
360.8 278749.999998669
360.805 228800.0000002081
360.809 280749.9999986595
360.814 224400.0000002041
360.819 229400.00000020865
360.823 280750.00000264915
360.826 374333.3333279996
360.829 377333.33333510644
360.832 380000.00000178564
360.835 381666.6666684601
360.838 380333.33332791406
360.841 371666.66666841315
360.844 375000.0000017621
360.848 281249.9999986571
360.851 370333.33333507355
360.856 223600.00000020338
360.86 286749.99999863084
360.862 561499.999997319
360.865 375666.66666843195
360.87 224600.00000020428
360.875 224600.00000020428
360.88 224200.0000002039
360.883 375000.0000017621
360.887 281249.9999986571
360.89 381333.33333512524
360.893 373333.33333508763
360.896 370333.33332805656
360.899 376666.66666843666
360.902 375000.0000017621
360.905 372333.3333350829
360.912 160428.57142845678
360.915 371999.9999946995
360.917 556500.0000131595
360.92 370666.66666138516
360.924 279250.000002635
360.928 276499.99999867973
360.933 219000.0000001992
360.938 222400.00000020227
360.942 281749.9999986547
360.946 281749.9999986547
360.95 274250.0000025878
360.953 374000.00000175746
360.956 372999.99999468523
360.959 372666.66666841786
360.962 367000.0000017246
360.966 275749.99999868334
360.969 370666.66666840843
360.972 373000.00000175275
360.975 366666.66666144214
360.978 372666.66666841786
360.981 367000.0000017246
360.985 274249.9999986905
360.988 369333.33333506883
360.991 364666.66666838026
360.993 558499.9999973333
360.996 367666.66666839435
360.999 367666.6666614279
361.002 371666.66666841315
361.005 370000.00000173866
361.01 223800.00000020355
361.014 277499.99999867496
361.017 365333.33333505003
361.02 370666.66666840843
361.025 220000.0000002001
361.029 278249.9999986714
361.032 369333.33333506883
361.034 543999.9999974025
361.037 374666.66666842723
361.04 367999.9999947565
361.043 364666.66666838026
361.045 553999.9999973547
361.048 368333.3333350642
361.051 365333.33333505003
361.054 368666.66666839906
361.056 550499.9999973715
361.059 365333.3333281278
361.063 274750.00000259257
361.067 276999.99999867735
361.072 222400.00000020227
361.075 365000.00000171515
361.078 364666.66666838026
361.081 366999.9999947707
361.083 551999.9999973642
361.086 360666.66666836146
361.088 554499.9999973524
361.091 365333.33333505003
361.094 359333.33333502186
361.097 368000.00000172923
361.099 551999.9999973642
361.102 363333.33333504066
361.105 361666.6666615134
361.108 358000.00000168226
361.11 543499.9999974049
361.113 363333.33333504066
361.116 363333.33333504066
361.118 545999.9999973929
361.121 358000.00000168226
361.124 367333.3333280993
361.126 537500.0000127102
361.129 353999.99999495596
361.132 362000.00000170106
361.135 359000.000001687
361.139 272249.99999870005
361.142 360000.0000016917
361.145 363333.33333504066
361.148 359999.99999487045
361.151 353333.3333349937
361.153 528999.9999974741
361.156 356333.3333350078
361.159 359666.66666835675
361.162 361666.6666683662
361.164 542499.9999974096
361.167 357666.6666683474
361.17 357666.6666615704
361.173 354000.00000166346
361.176 359000.000001687
361.179 357000.00000167754
361.182 355333.3333282703
361.185 360666.66666836146
361.188 354333.33333499834
361.191 352333.333334989
361.194 359999.99999487045
361.197 358000.00000168226
361.2 359666.66666835675
361.202 539999.9999974216
361.205 360000.0000016917
361.208 357666.6666615704
361.211 356333.3333350078
361.214 358000.00000168226
361.217 356333.3333350078
361.22 352999.9999949702
361.223 357000.00000167754
361.226 355666.66666833794
361.229 358666.6666683521
361.232 353666.66666162736
361.235 357333.3333350125
361.237 538999.9999974264
361.24 355333.33333500306
361.243 354000.00000166346
361.246 356666.66666834266
361.249 356333.33332825603
361.252 354000.00000166346
361.255 352333.333334989
361.258 357000.00000167754
361.261 354999.9999949417
361.264 355000.0000016682
361.267 349000.00000163994
361.27 352333.333334989
361.273 351999.9999949844
361.275 534000.0000126275
361.278 355666.66666159884
361.281 356000.0000016729
361.284 353000.00000165874
361.287 351000.0000016494
361.29 352666.6666616416
361.293 354333.33333499834
361.296 353333.3333349937
361.299 354000.00000166346
361.302 350666.6666616701
361.305 352333.333334989
361.308 350000.00000164466
361.31 532999.999997455
361.312 525999.9999974885
361.314 525499.9999974908
361.316 527000.0000124619
361.319 352999.9999949702
361.322 351333.33333498426
361.324 524999.9999974932
361.326 525999.9999974885
361.328 523000.0000123673
361.33 528999.9999974741
361.332 524499.9999974956
361.334 523499.9999975004
361.336 524499.9999974956
361.337 1041000.0000246164
361.339 520999.9999975123
361.341 521999.99999750755
361.343 525499.9999974908
361.345 530499.9999974669
361.347 532000.0000125802
361.349 522999.9999975028
361.351 524999.9999974932
361.353 530499.9999974669
361.355 519999.9999975171
361.357 522499.99999750516
361.358 1048000.0000247819
361.36 516499.9999975338
361.362 501499.9999976054
361.364 502000.00001187075
361.366 505499.9999975863
361.368 502999.99999759824
361.369 1004999.9999666375
361.372 335333.3333349091
361.375 335000.00000157417
361.378 334000.0000015695
361.381 334666.6666682393
361.384 334666.6666618981
361.387 336333.33333491377
361.391 251749.99999879792
361.394 333666.66666823457
361.396 502499.9999976006
361.4 252000.00000237787
361.403 334666.6666618981
361.406 337333.3333349185
361.409 336333.33333491377
361.412 336333.33333491377
361.417 202000.00000018373
361.421 251249.9999988003
361.427 167666.6666658661
361.43 334333.3333349044
361.432 501999.999997603
361.434 502499.9999976006
361.437 335333.3333349091
361.439 502999.99999759824
361.441 501500.0000118589
361.444 335999.9999952124
361.446 502499.9999976006
361.448 502000.00001187075
361.449 1007999.9999665379
361.451 501499.9999976054
361.453 501500.0000118589
361.455 502499.9999976006
361.457 501499.9999976054
361.458 1001999.999966737
361.461 336000.0000015789
361.465 251250.0000023708
361.467 501499.9999976054
361.47 333999.99999524094
361.474 251250.0000023708
361.476 501999.999997603
361.479 335333.3333349091
361.482 334666.6666618981
361.486 251750.0000023755
361.489 335000.00000157417
361.492 333999.99999524094
361.495 334000.0000015695
361.498 334666.6666682393
361.502 251499.99999879912
361.505 334666.6666682393
361.508 333666.66666823457
361.514 167333.33333253436
361.519 201400.00000018318
361.524 201000.0000001828
361.529 200600.00000018245
361.534 200600.00000018245
361.538 250999.9999988015
361.542 250500.00000236373
361.545 334999.9999952267
361.548 334000.0000015695
361.551 334666.6666682393
361.554 335333.3333349091
361.557 334666.6666618981
361.56 334666.6666682393
361.562 503499.99999759585
361.566 251250.0000023708
361.569 334666.6666618981
361.573 251500.00000237316
361.578 200400.00000018228
361.583 200399.99999790397
361.587 250500.00000236373
361.591 250749.9999988027
361.596 200600.00000018245
361.6 250499.9999988039
361.604 251000.00000236844
361.607 334333.3333285695
361.61 334333.3333349044
361.613 336000.0000015789
361.616 333333.3333348997
361.62 251249.9999988003
361.623 334000.0000015695
361.626 333333.3333348997
361.629 333999.99999524094
361.631 502500.00001188257
361.635 250249.99999880508
361.638 334333.3333349044
361.641 334333.3333285695
361.643 501500.0000118589
361.647 250749.9999988027
361.652 201000.0000001828
361.655 335000.00000157417
361.66 201399.99999789352
361.664 250250.00000236137
361.669 200600.00000018245
361.673 251499.99999879912
361.677 250749.9999988027
361.68 333666.66666823457
361.684 251249.9999988003
361.687 335000.00000157417
361.69 333666.66666823457
361.693 333666.66666823457
361.696 334333.3333285695
361.699 333666.66666823457
361.702 334333.3333349044
361.705 334333.3333349044
361.708 334666.6666618981
361.711 334666.6666682393
361.714 333333.3333348997
361.719 200200.00000018207
361.724 200200.00000018207
361.729 200200.00000018207
361.734 200400.00000018228
361.739 201400.00000018318
361.741 500499.99999761017
361.744 333666.66666191234
361.747 334000.0000015695
361.749 501999.999997603
361.752 334000.0000015695
361.754 500499.99999761017
361.756 503000.0000118944
361.759 333999.99999524094
361.762 333666.66666823457
361.765 335000.00000157417
361.767 500499.99999761017
361.77 334000.0000015695
361.772 500499.99999761017
361.775 334333.3333349044
361.777 501499.9999976054
361.78 334000.0000015695
361.783 333999.99999524094
361.785 500499.99999761017
361.788 333666.66666823457
361.79 500999.9999976078
361.792 500000.00001182343
361.794 502499.9999976006
361.796 499999.99999761255
361.798 500499.99999761017
361.8 499999.99999761255
361.802 500499.99999761017
361.805 334000.0000015695
361.808 334000.0000015695
361.811 334000.0000015695
361.813 500999.9999976078
361.816 334000.0000015695
361.818 500499.99999761017
361.821 334333.3333285695
361.824 334000.0000015695
361.827 334000.0000015695
361.829 500999.9999976078
361.832 333333.3333348997
361.835 334000.0000015695
361.838 333666.66666191234
361.841 334000.0000015695
361.843 500499.99999761017
361.846 333333.3333348997
361.849 334333.3333349044
361.851 499999.99999761255
361.854 334333.3333349044
361.857 333666.66666191234
361.86 333666.66666823457
361.863 333333.3333348997
361.866 334000.0000015695
361.869 333666.66666191234
361.872 333666.66666823457
361.875 334000.0000015695
361.878 333666.66666823457
361.881 333333.3333348997
361.884 333333.33332858374
361.886 500999.9999976078
361.889 333666.66666823457
361.891 499999.99999761255
361.894 334333.3333349044
361.896 499999.99999761255
361.899 333666.66666823457
361.901 500499.99999761017
361.902 1003000.0000237178
361.905 333333.3333348997
361.907 499999.99999761255
361.91 333666.66666191234
361.913 334000.0000015695
361.916 333666.66666823457
361.918 500499.99999761017
361.921 333666.66666823457
361.924 333333.3333348997
361.926 500499.99999761017
361.929 333333.3333348997
361.932 333666.66666191234
361.934 499999.99999761255
361.937 333333.3333348997
361.939 499999.99999761255
361.942 334000.0000015695
361.945 333333.3333348997
361.948 334000.0000015695
361.951 333666.66666191234
361.954 333666.66666823457
361.957 333333.3333348997
361.96 333666.66666823457
361.963 333333.33332858374
361.966 333333.3333348997
361.969 333333.3333348997
361.972 333333.3333348997
361.974 499999.99999761255
361.977 333666.66666823457
361.98 333666.66666191234
361.983 333333.3333348997
361.985 499999.99999761255
361.988 333666.66666823457
361.991 333333.3333348997
361.994 333666.66666191234
361.996 500500.00001183525
361.999 333333.33332858374
362.002 333333.3333348997
362.005 333333.3333348997
362.007 499999.99999761255
362.009 499999.99999761255
362.011 499999.99999761255
