38.889 409343.2333050477
45.1057 731583.3159071538
48.7138 566265.9017211274
50.1822 715247.2078452725
50.657 1174239.6798652194
53.3023 118207.76471477689
53.4751 1119803.2407407719
53.5799 1192280.5343510944
53.6596 1103212.0451694482
53.7125 1154102.079395062
53.7515 1124487.179487137
53.7799 1179471.8309860085
53.8014 1219860.4651160985
53.8185 1264093.567251519
53.8309 1292016.1290323078
53.8416 1356261.6822429993
53.851 1325531.9148937003
53.8594 1339642.8571425797
53.8671 1336103.8961039276
53.8735 1287968.7500001418
53.8792 1274210.5263163766
53.8847 1275818.1818170347
53.8896 1265102.0408165231
53.8942 1255652.1739140304
53.8988 1252391.3043468758
53.9031 1240930.232557956
53.9069 1223157.8947374057
53.9107 1191052.6315794962
53.9142 1210857.1428562775
53.9175 1252424.2424258129
53.9207 1151562.500000127
53.9237 1197333.3333332879
53.9268 1047096.7741923888
53.9296 1149285.7142854764
53.9324 1145357.1428569057
55.0946 2809.327138186202
55.099 641363.6363640954
55.1018 976428.5714283693
55.1046 911785.7142855255
55.1074 908571.4285712404
55.1159 304705.8823527598
55.1234 331733.33333363506
55.1262 832857.1428569704
55.1289 844074.0740727093
55.1315 868461.5384611891
55.1337 970909.0909113537
55.1359 948636.3636355107
55.1383 827916.6666661451
55.1413 699333.3333333068
55.1465 369999.99999985116
55.1561 190104.1666666876
55.164 239113.92405065254
55.1671 607096.7741942675
55.17 628965.5172405336
55.1728 604285.7142855892
55.1755 621851.8518524829
55.1788 517272.72727226216
55.1816 586428.5714284499
55.1862 364565.2173915909
55.1891 567931.0344819949
55.1922 511290.3225812508
55.195 544642.8571427444
55.1996 340434.7826089632
55.2023 580740.7407398018
55.2055 475937.50000005245
55.2084 533448.2758626587
55.2113 533793.1034475581
55.2142 508965.517241942
55.2172 482666.66666664835
55.2201 479655.17241314816
55.2231 469999.9999999822
55.2259 491785.71428561246
55.2292 416969.69697021984
55.2317 555200.000000505
55.2346 475862.0689648774
55.2375 460689.6551729231
55.2406 450645.1612898235
55.2434 492142.85714275524
55.2463 480000.0000005306
55.2492 431034.4827580411
55.2523 424516.1290327609
55.2552 452068.9655166335
55.258 447499.99999990733
55.2609 443793.10344876646
55.2642 384242.42424207873
55.2668 486923.07692288107
55.2698 408666.6666676191
55.2726 444999.99999990786
55.2757 411612.9032253506
55.2786 439310.3448280719
55.2814 453214.28571419185
55.2844 417666.66666665085
55.2874 414666.66666665097
55.2902 450714.2857141924
55.2932 414666.66666665097
55.2958 447307.6923075124
55.2975 685882.3529413416
55.2988 898461.538461177
55.3002 837142.8571448082
55.3015 909230.7692304035
55.3028 919999.9999996299
55.3041 866153.8461534977
55.3057 721874.9999984766
55.3071 845000.0000019694
55.3084 906153.8461534816
55.3097 897692.3076919466
55.311 885384.6153842593
55.3123 886923.0769227202
55.3136 909999.9999996339
55.315 826428.5714304975
55.3163 894615.3846150248
55.3176 891538.461538103
55.319 834285.7142834244
55.3203 878461.5384611851
55.3217 842142.8571448198
55.323 875384.6153842632
55.3244 827142.8571447849
55.326 714374.9999984924
55.328 591999.9999992765
55.33 583000.0000013587
55.332 585499.9999992844
55.3341 550000.0000003513
55.3361 544999.999999334
55.338 582105.2631581629
55.3399 580526.3157897411
55.3414 729333.3333333057
55.3427 838461.5384612011
55.344 841538.461538123
55.3453 843846.1538458144
55.3471 598888.8888902847
55.3496 433199.99999916274
55.3521 437600.000000398
55.3544 478695.6521742893
55.3565 528571.4285717662
55.3638 148493.15068491624
55.3725 126781.60919533536
55.3815 120555.55555555099
55.3894 138860.75949368227
55.3917 468695.6521742814
55.3937 535499.9999993455
55.3956 571578.9473686843
55.398 455833.3333330462
55.3994 770714.285716082
55.4008 778571.4285732431
55.402 904999.9999967505
55.4033 838461.5384612011
55.4046 838461.5384612011
55.4059 833846.1538458184
55.4072 835384.6153842793
55.4086 787142.8571446916
55.4099 831538.461538127
55.4112 826153.8461535138
55.4125 840769.2307688926
55.4138 826153.8461535138
55.4152 773571.4285732314
55.4166 772857.1428550215
55.418 785714.2857161169
55.4195 727333.3333333058
55.4209 782857.1428549942
55.4224 737999.9999999721
55.4237 831538.461542672
55.4251 777857.1428550079
55.4265 780714.2857161053
55.4279 776428.5714264404
55.4293 772142.8571446567
55.4307 772142.8571407378
55.432 839230.7692304316
55.4334 778571.4285732431
55.4348 765714.285712184
55.4361 836923.0769227402
55.4374 832307.6923119066
55.4387 833076.923076588
55.44 838461.5384612011
55.4411 944545.4545446052
55.4423 870833.3333302065
55.4435 881666.6666687215
55.4447 870000.0000020276
55.4459 859999.9999969121
55.4472 798461.5384612173
55.4484 870000.0000020276
55.4496 874166.666668704
55.4508 873333.3333301975
55.452 868333.333335357
55.4532 869166.6666635459
55.4544 869166.6666686924
55.4556 865000.000002016
55.4568 865833.3333302245
55.8892 2388.991674375571
55.8915 455652.1739134016
55.8935 518499.99999936635
55.8956 496666.6666669839
55.8971 689999.9999999738
55.8986 689333.3333333072
55.9002 651250.0000015178
55.9015 800769.2307689086
55.9028 794615.384615065
55.9041 803076.9230766001
55.9055 749285.7142836577
55.9067 872500.0000020334
55.908 796923.0769227564
55.9092 860833.3333353396
55.9107 699333.3333333068
55.9121 741428.5714265364
55.9134 809230.7692304438
55.9146 866666.6666686866
55.9159 809999.9999996742
55.9172 800769.2307689086
55.9185 796153.8461535259
55.9197 869166.6666686924
55.921 809230.7692304438
55.9223 797692.3076919868
55.9235 868333.333335357
55.9247 865833.3333302245
55.9259 861666.6666686748
55.9272 803076.9230766001
55.9285 793076.923076604
55.9297 865000.000002016
55.9309 872499.9999968671
55.9321 864166.6666686807
55.9334 802307.6923073696
55.9346 859999.9999969121
55.9358 860833.3333353396
55.937 853333.3333353221
55.9383 795384.6153842955
55.952 75255.4744525545
55.9554 304705.88235301455
55.958 399615.38461522385
55.9614 304411.76470595563
55.9641 382962.96296234376
55.9661 514500.0000011991
55.9682 492857.1428557901
55.9701 548421.0526318316
55.9718 617058.8235295604
55.9735 610588.2352942646
55.9752 614117.6470589713
55.9769 618823.5294119137
55.979 493809.5238098393
55.9954 62987.80487805913
55.9967 803846.1538458305
55.998 799999.9999996782
55.9992 864999.9999968942
56.0004 865000.000002016
56.0016 868333.3333302155
56.0203 55721.925133703255
56.0216 791538.4615381431
56.0228 864166.6666686807
56.024 869999.9999968762
56.0252 879166.6666687157
56.0441 55714.28571427942
56.0454 798461.5384612173
56.0466 873333.3333353687
56.0479 803076.9230766001
56.0491 861666.6666635728
56.0677 55860.21505376559
56.0689 857500.0000019985
56.0701 866666.6666686866
56.0714 802307.6923073696
56.0726 871666.6666635368
56.0915 55026.455026448806
56.0982 154477.61194041278
56.1031 212448.97959186975
56.1083 199807.69230761193
56.116 134805.194805198
56.1213 195849.0566038362
56.1266 194339.622641311
56.1357 114615.384615428
56.141 194339.62264157154
56.145 261249.99999968073
56.149 256750.0000001423
56.1525 297428.5714283589
56.1556 331935.48387136095
56.1588 325312.50000003586
56.1607 542631.5789476184
56.1625 590555.5555546007
56.1642 607647.0588236757
56.166 577777.7777791243
56.1678 573333.3333324064
56.1693 684666.6666666407
56.1709 646874.9999986349
56.1724 691999.9999999738
56.1739 691999.9999999738
56.1755 645625.0000015047
56.177 683333.3333333074
56.1786 648124.9999986322
56.1801 696666.6666666403
56.1815 740000.0000017246
56.1829 741428.5714302994
56.1844 685333.3333333074
56.1858 729999.9999979964
56.1871 776923.0769227644
56.1885 725000.0000016897
56.1898 782307.6923073776
56.191 842499.999996975
56.1922 848333.3333353105
56.1935 779999.9999996863
56.1955 509999.9999993767
56.1967 847500.0000019752
56.1979 841666.6666686282
56.1991 849166.6666636176
56.2003 843333.3333352988
56.2015 841666.6666636446
56.2028 779230.7692304557
56.204 846666.6666686399
56.2052 848333.3333353105
56.2064 849999.9999969479
56.2076 844166.666668634
56.2088 844166.666668634
56.21 844166.6666636356
56.2118 562777.7777790894
56.2131 782307.6923073776
56.2143 836666.6666636625
56.2156 783846.1538458385
56.2168 850833.3333353163
56.218 849999.9999969479
56.2193 783846.1538501228
56.2205 843333.3333303053
56.2217 848333.3333353105
56.2232 671999.9999999745
56.2245 783076.9230766081
56.2257 843333.3333303053
56.2269 852500.0000019869
56.2281 845000.0000019694
56.2297 637499.9999986547
56.2309 845833.3333353046
56.2322 783076.9230766081
56.2334 849166.6666636176
56.2346 845000.0000019694
56.2359 783076.9230766081
56.2371 843333.3333352988
56.2383 849166.6666636176
56.2396 778461.5384612253
56.2408 847500.0000019752
56.242 849166.6666686457
56.2432 848333.3333302872
56.2446 727857.1428588392
56.2461 675999.9999999744
56.2473 847499.9999969569
56.2485 847500.0000019752
56.2497 851666.6666686515
56.2509 845833.3333302963
56.2521 846666.6666686399
56.2533 837499.9999969929
56.2546 783846.1538458385
56.2557 920909.0909142115
56.257 778461.5384612253
56.2582 841666.6666636446
56.2594 840833.333335293
56.2606 847500.0000019752
56.2624 565555.5555546412
56.2637 776153.8461535339
56.2649 850833.3333353163
56.2661 841666.6666636446
56.2673 842500.0000019635
56.2685 849999.9999969479
56.2698 780000.0000039495
56.2709 921818.181817353
56.2721 846666.6666636267
56.2734 776923.0769227644
56.2746 845833.3333353046
56.2758 850000.000001981
56.277 849999.9999969479
56.2787 599411.7647060266
56.2801 722142.8571445402
56.2813 837499.9999969929
56.2825 845000.0000019694
56.2837 839999.9999969839
56.285 783076.9230808881
56.2862 843333.3333303053
56.2874 843333.3333352988
56.2886 840833.3333303143
56.2898 848333.3333353105
56.2911 777692.3076919948
56.2923 849166.6666686457
56.2935 845833.3333302963
56.2949 722142.8571445402
56.2965 631249.9999986679
56.2979 720714.2857159654
56.2991 845833.3333302963
56.3002 925454.5454596913
56.3014 841666.6666636446
56.3026 848333.3333353105
56.3038 842499.999996975
56.305 841666.6666686282
56.3063 780769.2307689167
56.3074 915454.5454537224
56.3086 846666.6666686399
56.3098 847499.9999969569
56.311 849166.6666686457
56.3129 532105.2631581399
56.3141 848333.3333302872
56.3154 778461.5384654802
56.3166 845833.3333302963
56.3178 849166.6666686457
56.3191 779230.7692304557
56.3202 922727.272726443
56.3214 845000.0000019694
56.3226 846666.6666636267
56.3239 777692.3076919948
56.3251 838333.3333352872
56.3262 921818.181817353
56.3274 845000.0000019694
56.3292 559999.9999990945
56.3305 776153.8461535339
56.3318 776153.8461535339
56.333 848333.3333353105
56.3342 845833.3333302963
56.3355 782307.6923073776
56.3369 720714.2857159654
56.3381 844166.666668634
56.3394 784615.384615069
56.3406 839166.6666636536
56.3417 929090.9090900737
56.3429 843333.3333352988
56.3441 852500.0000019869
56.3454 786923.0769227603
56.347 627499.9999986758
56.3482 844166.666668634
56.3494 840833.3333303143
56.3506 840833.333335293
56.3518 840000.0000019576
56.353 846666.6666636267
56.3542 847500.0000019752
56.3554 840833.3333303143
56.3567 779230.7692347148
56.3579 847499.9999969569
56.359 922727.272726443
56.3603 777692.3076919948
56.3616 783846.1538458385
56.3635 534210.5263160357
56.3655 510000.0000011886
56.367 671999.9999999745
56.3682 842499.999996975
56.3693 917272.7272719025
56.3705 845833.3333353046
56.3717 841666.6666686282
56.3728 925454.5454537133
56.374 849166.6666636176
56.3751 919999.9999991728
56.3763 839166.6666686224
56.3775 848333.3333353105
56.3786 913636.3636355421
56.3798 845833.3333302963
56.381 844166.666668634
56.3822 846666.6666686399
56.3834 846666.6666636267
56.3846 845833.3333353046
56.3858 843333.3333303053
56.3871 781538.4615424188
56.3883 844999.999996966
56.3895 844166.666668634
56.3907 839999.9999969839
56.392 779230.7692304557
56.3931 916363.6363687316
56.3943 844999.999996966
56.3958 673333.3333333078
56.3974 633750.000001477
56.3986 844166.6666636356
56.4002 632500.000001474
56.4013 919999.9999991728
56.4025 849166.6666636176
56.4036 920909.0909142115
56.4048 842499.999996975
56.4059 919999.9999991728
56.4071 849166.6666686457
56.4083 845000.0000019694
56.4095 842499.999996975
56.4107 840000.0000019576
56.4124 596470.5882354378
56.4145 480952.38095268817
56.4167 459545.4545450413
56.419 439565.2173916498
56.4213 440869.5652163758
56.4236 437826.08695686585
56.4259 442608.6956525218
56.4281 460909.0909086765
57.12 1465.5297008238251
57.1228 361785.71428563935
57.1857 16120.826709062241
57.1878 479523.80952249333
57.19 460000.00000107207
57.1921 478571.428570115
57.1943 461818.18181925814
57.1963 504999.9999993828
57.1985 459090.9090904963
57.2007 459090.90909197903
57.2027 506499.99999938096
57.2048 484761.90476221446
57.2074 388461.5384613822
57.2099 406000.00000036927
57.213 327741.935483508
57.2159 348965.5172417651
57.2186 374814.8148142088
57.2214 361428.57142849657
57.2245 327741.9354842592
57.2275 337666.6666666539
57.2299 420833.3333330682
57.2324 403600.00000036706
57.2354 335999.99999998725
57.2377 438695.65217425785
57.24 439999.9999989865
57.2424 419999.9999997354
57.2452 361785.71428655746
57.2478 389615.3846152279
57.2503 405599.9999992161
57.2525 460000.00000107207
57.2554 349310.3448271165
57.2575 483333.3333336421
57.2601 391153.8461536888
57.2628 376666.6666670489
57.2658 336999.99999998725
57.2685 375555.55555494834
57.2713 361428.57142941374
57.2741 361785.71428563935
57.277 348965.5172409101
57.2795 404400.0000003678
57.2823 359999.99999992544
57.2846 440000.0000003458
57.2873 372222.2222216204
57.2902 346896.55172452144
57.2926 422499.9999997338
57.2952 390384.61538445833
57.2978 390384.61538445833
57.3002 419166.6666676436
57.3026 421666.666666401
57.3051 401599.99999922386
57.3082 325483.8709681275
57.3108 390384.61538445833
57.3131 443478.26086991373
57.3158 376296.29629568785
57.3184 389615.38461629266
57.3215 326129.0322577033
57.3244 346896.55172452144
57.327 388076.92307676695
57.3302 316562.50000003487
57.3331 347931.0344822908
57.3361 334999.9999999873
57.3392 325483.8709681275
57.3423 326129.0322577033
57.3448 404000.00000036746
57.3469 484761.90476221446
57.3496 374074.07407346927
57.3527 324838.70967780415
57.3556 349655.17241332296
57.3581 405600.0000003689
57.3607 387692.30769215175
57.3636 347931.03448314324
57.366 419583.333333069
57.3689 346896.55172452144
57.3711 459545.4545450413
57.3734 439130.4347829538
57.3754 502499.99999938585
57.3781 374074.07407346927
57.3805 420833.3333343141
57.383 404799.99999921763
57.3854 420000.0000009788
57.388 388461.5384613822
57.3904 420833.3333330682
57.3933 348275.8620684972
57.3959 389615.38461629266
57.3982 441739.1304337651
57.4005 438695.65217425785
57.4032 372962.96296334144
57.4057 402799.99999922153
57.4084 373333.3333337122
57.4108 420416.6666664018
57.4135 376296.29629667813
57.4162 374074.07407346927
57.4189 371481.4814818585
57.4215 388076.92307676695
57.4241 388076.92307676695
57.4268 372962.96296334144
57.4295 373333.3333337122
57.4317 457727.2727268612
57.4341 420833.3333330682
57.4368 373703.70370408293
57.4393 402799.99999922153
57.4417 421666.6666676494
57.4442 405199.9999992169
57.447 359999.99999992544
57.4499 347586.206896936
57.4527 359999.99999992544
57.4554 375555.55555593665
57.4586 314687.50000003463
57.4616 336666.6666666539
57.4643 372962.96296235995
57.4673 336333.33333332057
57.4701 360357.1428570682
57.4734 305151.5151518978
57.4764 334333.3333333207
57.4793 351724.13793056156
57.4822 347931.03448314324
57.4852 336666.6666666539
57.4882 335333.3333333206
57.4913 324516.1290318986
57.4944 324193.5483874808
57.4974 336666.6666666539
57.5004 335333.3333333206
57.5034 336333.33333332057
57.5067 306969.69696942094
57.5097 334999.9999999873
57.5126 346551.72413831414
57.5156 336999.99999998725
57.5188 313750.0000000346
57.5218 336666.6666666539
57.5247 347586.20689608436
57.5277 335999.99999998725
57.531 306060.60606098984
57.534 336666.6666666539
57.5372 315625.00000003475
57.5401 347931.0344822908
57.5433 314687.50000003463
57.5464 326129.0322584508
57.5493 348965.5172409101
57.552 374814.81481519516
57.5553 307878.78787851107
57.5583 335333.3333333206
57.5613 336666.6666666539
57.5642 348965.5172417651
57.5676 298529.41176477773
57.5707 323548.38709641586
57.5737 336333.33333332057
57.5765 359642.85714278265
57.5796 326774.1935487742
57.5826 335333.3333333206
57.5857 327419.35483834706
57.5885 359285.7142856399
57.5916 326774.1935487742
57.5938 455909.090908681
57.5965 373333.3333337122
57.5988 439130.4347829538
57.6016 359642.85714278265
57.6044 363214.2857142105
57.6074 335333.3333333206
57.6102 358928.5714284971
57.6133 326451.61290286423
57.6164 325483.8709681275
57.62 280277.7777778778
57.6222 460909.0909086765
57.6239 593529.4117648487
57.6251 835833.3333303322
57.6264 773076.9230808375
57.6282 557777.7777768759
57.6305 436521.73913077783
57.6335 334999.9999999873
57.6369 295000.000000071
57.6396 371111.11111051106
57.6424 358214.2857142115
57.6452 359285.7142856399
57.6478 386153.84615474613
57.6502 417916.66666640335
57.6525 435217.3913033453
57.6551 385000.0000008973
57.6576 400799.9999992254
57.6607 322903.2258068341
57.6636 345172.41379263933
57.6659 435652.1739133859
57.6682 434782.6086959939
57.6708 386538.46153830603
57.6728 501999.9999993865
57.6754 384999.9999998451
57.6778 417500.000000973
57.6808 333999.99999998737
57.6837 345172.41379263933
57.6862 400800.00000036455
57.689 357499.99999992596
57.6915 400800.00000036455
57.6938 435652.17391204
57.6965 370740.7407411169
57.699 403600.00000036706
57.7021 323870.9677415768
57.7043 455909.090908681
57.7071 358571.42857226427
57.7097 385384.61538446037
57.712 435652.17391204
57.714 500500.0000011665
57.7154 716428.571426605
57.7178 417083.3333343054
57.7205 371111.11111051106
57.7226 477619.0476193527
57.7246 500499.9999993883
57.7267 476190.4761907804
57.7296 346206.8965521069
57.7325 344827.5862064329
57.7345 501500.0000011688
57.7369 417499.99999973696
57.7393 417499.99999973696
57.7415 454545.45454504585
57.7438 435217.39130468987
57.7459 476666.66666697117
57.7484 400400.00000036415
57.7506 455454.5454541359
57.7531 401599.99999922386
57.7553 455909.09091015346
57.7579 387307.6923075365
57.7604 401600.00000036525
57.7628 416666.66666640417
57.7657 345172.41379263933
57.7689 313750.0000000346
57.7713 417500.000000973
57.7735 455454.5454541359
57.7759 417083.33333307056
57.7787 357142.8571427832
57.7813 385769.23076907557
57.7839 385384.61538446037
57.7863 417500.000000973
57.7884 477619.0476177367
57.7907 435217.39130468987
57.793 435217.39130468987
57.7953 435652.1739133859
57.7975 455454.5454541359
57.8004 346206.89655125863
57.8027 435217.39130468987
57.805 435652.1739133859
57.8072 455454.5454541359
57.8097 401200.0000003649
57.8121 418333.33333306975
57.814 527894.7368423485
57.8163 436521.73913077783
57.8196 304242.4242421507
57.8224 358214.2857142115
57.8254 334333.3333333207
57.8281 371481.4814818585
57.8313 313125.00000003446
57.8342 344827.5862064329
57.8365 435217.39130468987
57.8393 357857.14285706874
57.8415 455454.5454541359
57.8439 419166.6666676436
57.8464 399999.99999922694
57.8488 418333.3333343083
57.852 312500.0000000344
57.855 333666.666666654
57.8582 312812.50000003446
57.8613 323870.9677415768
57.8645 312812.50000003446
57.8667 455909.090908681
57.8688 477619.0476193527
57.8711 435652.1739133859
57.8736 401999.99999922304
57.876 417916.6666676407
57.8781 477619.0476177367
57.8803 455454.54545560695
57.8833 333999.99999998737
57.8855 454999.99999959086
57.8879 417083.33333307056
57.89 476666.66666697117
57.8922 454999.99999959086
57.8948 386538.4615393624
57.8971 436521.7391294293
57.9001 333999.99999998737
57.9029 358928.5714284971
57.9055 385384.61538446037
57.9083 357500.0000008332
57.911 371851.8518512506
57.9142 312812.50000003446
57.9171 345517.24137969234
57.9199 358571.4285713543
57.9228 345517.24137884576
57.9259 322580.64516167244
57.9287 358214.2857142115
57.9316 345172.41379263933
57.9341 401200.0000003649
57.9371 333666.666666654
57.9397 385384.61538446037
57.9424 371111.1111114877
57.9454 333999.99999998737
57.9486 314062.5000000346
57.9513 370740.7407401413
57.9539 385000.0000008973
57.9565 385384.61538446037
57.9591 385384.61538446037
57.9619 357857.14285706874
57.9646 371851.8518522292
57.9673 371481.4814808808
57.9698 400800.00000036455
57.9721 435652.1739133859
57.9746 400399.99999922613
57.9775 346896.55172452144
57.9807 313437.5000000345
57.9836 346896.5517236715
57.9865 345517.24137969234
57.9894 346206.89655125863
57.9926 313125.00000003446
57.9955 346551.72413831414
57.9984 345517.24137969234
58.0013 344827.5862064329
58.0044 322580.64516167244
58.0074 334333.3333333207
58.0105 323548.38709641586
58.0134 345517.24137969234
58.0165 322580.6451609331
58.0195 334666.666666654
58.0223 357857.14285706874
58.0252 346206.8965521069
58.0281 344827.5862064329
58.0312 322903.2258068341
58.0341 345862.0689650522
58.037 345517.24137969234
58.0399 345517.24137884576
58.043 323548.3870971575
58.0462 313125.00000003446
58.0492 333666.666666654
58.0523 322903.225806094
58.0552 345862.0689658996
58.0582 333666.666666654
58.061 357142.8571427832
58.0641 324193.5483867377
58.0671 335333.3333333206
58.1433 13123.359580052485
58.156 78897.63779530497
58.1648 113749.99999998957
58.1915 37453.183520601815
58.2097 55164.83516483451
58.2205 93055.55555552754
58.2277 139305.55555560527
58.2454 56666.66666667362
58.2533 127215.18987331374
58.259 175964.91228078282
58.2619 345517.24137969234
58.2647 357142.8571427832
58.2675 358214.2857142115
58.2701 386538.46153830603
58.2728 371481.4814818585
58.2754 385769.23076907557
58.2777 436086.95652073465
58.2795 557222.2222235209
58.2807 835833.3333303322
58.2855 209166.6666668445
58.2904 204693.87755105222
58.2947 232790.69767438414
58.3002 182181.81818188974
58.3039 271351.3513512021
58.3065 385384.61538446037
58.3085 500999.9999993877
58.3102 590588.2352942599
58.3122 501500.0000011688
58.3144 457272.7272723161
58.3163 527368.4210528745
58.3185 454545.45454504585
58.3205 500999.9999993877
58.3223 558333.3333346345
58.3245 455909.090908681
58.3269 417083.33333307056
58.3298 345172.41379348503
58.3326 357857.14285706874
58.3354 358571.4285713543
58.3385 323225.80645125493
58.3415 333666.666666654
58.3444 345862.0689658996
58.3476 313437.5000000345
58.3504 357857.14285706874
58.3534 334666.666666654
58.3563 345517.24137969234
58.3591 358214.2857142115
58.3621 334666.666666654
58.3649 357499.99999992596
58.3676 371481.4814808808
58.3708 313125.00000003446
58.3737 345172.41379348503
58.3763 386153.8461536908
58.3784 478571.4285717343
58.3807 436086.95652208186
58.383 435217.3913033453
58.3853 436086.95652208186
58.3875 455909.090908681
58.3897 455000.0000010604
58.3918 478095.2380939259
58.394 455000.0000010604
58.3961 476666.66666697117
58.3983 455454.5454541359
58.4003 501499.9999993871
58.4025 454545.45454504585
58.4047 455454.54545560695
58.4069 454999.99999959086
58.409 477619.0476193527
58.4111 476666.66666697117
58.4136 400399.99999922613
58.417 294411.76470595325
58.42 334999.9999999873
58.4225 401600.00000036525
58.4245 500999.9999993877
58.4268 436086.95652208186
58.4288 500999.9999993877
58.431 455454.54545560695
58.4331 478571.428570115
58.4352 476190.4761907804
58.4373 476666.66666697117
58.4394 477142.85714316193
58.4424 333666.666666654
58.4454 333666.666666654
58.4484 334666.666666654
58.4517 303636.3636360906
58.4547 333666.666666654
58.4578 322580.64516167244
58.461 312812.50000003446
58.464 333333.3333333207
58.4669 344827.5862064329
58.4697 357857.14285706874
58.4725 358214.28571512055
58.4758 303636.3636360906
58.4788 333999.99999998737
58.4818 333999.99999998737
58.4848 334666.666666654
58.488 312812.50000003446
58.4908 358571.4285713543
58.4936 358214.2857142115
58.4967 322903.2258068341
58.4995 357142.8571427832
58.5028 303333.3333330606
58.5054 384615.3846152299
58.5085 323870.9677423191
58.5118 304242.4242421507
58.5146 358214.2857142115
58.5173 372222.22222259996
58.5203 334999.9999999873
58.5233 334666.666666654
58.5264 323225.80645125493
58.5292 357142.8571427832
58.5321 345862.0689658996
58.535 346206.8965521069
58.5378 357142.8571427832
58.5406 358214.2857142115
58.5439 303333.3333330606
58.5469 333999.99999998737
58.5499 333666.666666654
58.5526 370740.7407411169
58.5549 434782.6086946507
58.558 322903.2258068341
58.561 333999.99999998737
58.5639 345517.24137969234
58.5669 334333.3333333207
58.57 322580.6451609331
58.5732 312812.50000003446
58.576 357499.99999992596
58.5792 313125.00000003446
58.5819 371481.4814818585
58.585 323225.80645125493
58.5879 344827.5862072778
58.5901 455909.090908681
58.593 346551.72413746506
58.5959 345862.0689658996
58.5988 345517.24137969234
58.6018 333999.99999998737
58.6042 417083.33333307056
58.6073 323225.80645125493
58.6101 357499.99999992596
58.6135 294411.76470595325
58.6161 384999.9999998451
58.6192 323225.8064519958
58.6222 334666.666666654
58.624 557222.2222213213
58.6252 836666.6666686166
58.6264 838333.3333352872
58.6275 909999.9999991817
58.6286 911818.181817362
58.6298 834999.9999970018
58.631 836666.6666686166
58.6322 834166.6666686108
58.6334 834999.9999970018
58.6346 833333.3333352755
58.6359 771538.4615381511
58.6371 837500.0000019518
58.6383 834999.9999970018
58.6396 772307.6923073817
58.6407 910909.0909082718
58.642 770769.2307689207
58.6432 835833.3333352813
58.6445 770769.2307689207
58.6456 909999.9999991817
58.6468 834166.6666686108
58.648 835833.3333303322
58.6492 835000.000001946
58.6508 625625.0000014581
58.652 834999.9999970018
58.6532 835000.000001946
58.6544 834166.6666636715
58.6556 835000.000001946
58.6568 835833.3333352813
58.658 835833.3333303322
58.6592 834166.6666686108
58.6604 833333.3333303411
58.6616 835833.3333352813
58.6628 834166.6666686108
58.664 834166.6666636715
58.6657 588823.5294119065
58.667 771538.4615381511
58.6682 834166.6666686108
58.6694 834999.9999970018
58.6706 834166.6666686108
58.6718 835000.000001946
58.6731 773846.1538458426
58.6743 835833.3333303322
58.6755 834166.6666686108
58.6767 835000.000001946
58.6779 834166.6666636715
58.6793 715714.2857159538
58.6817 416666.66666640417
58.6838 477142.85714316193
58.6863 400799.9999992254
58.6886 435217.39130468987
58.6909 436086.95652208186
58.6931 455909.090908681
58.6953 456363.63636322605
58.6973 500000.0000011653
58.6992 527368.4210528745
58.7009 589411.7647060242
58.7026 590588.2352942599
58.7043 588235.2941153301
58.706 590000.000000142
58.7077 588823.5294119065
58.7094 590588.2352942599
58.711 626250.0000014595
58.7127 590588.2352942599
58.7145 557222.2222213213
58.7161 626250.0000014595
58.7179 556111.1111102119
58.7196 588823.5294119065
58.7213 588823.5294119065
58.723 589411.7647060242
58.7247 590000.000000142
58.7264 588823.5294119065
58.7281 588823.5294119065
58.7298 589411.7647060242
58.7315 589411.7647060242
58.7332 589411.7647060242
58.735 555555.5555546572
58.7366 624999.999998681
58.7384 556666.6666679641
58.7401 589411.7647060242
58.7415 715714.2857123213
58.7427 835000.000001946
58.7438 909999.9999991817
58.7449 912727.2727264521
58.7461 836666.6666686166
58.7472 910909.0909082718
58.7483 910909.0909082718
58.7494 909090.9090900917
58.7506 834166.6666686108
58.7517 910909.0909082718
58.7528 911818.181817362
58.7539 911818.181817362
58.7551 834166.6666686108
58.7562 909090.9090900917
58.7573 910909.0909082718
58.7585 835833.3333352813
58.7596 910909.0909082718
58.7609 771538.4615381511
58.7621 834166.6666686108
58.7633 834999.9999970018
58.7646 771538.4615381511
58.7658 835000.000001946
58.7671 770769.2307689207
58.7683 835833.3333303322
58.7696 769230.7692346642
58.7708 834999.9999970018
58.772 835000.000001946
58.7734 717857.1428551725
58.7746 835833.3333352813
58.7758 835000.000001946
58.7771 769230.7692304598
58.7783 835833.3333303322
58.7795 834166.6666686108
58.7817 455454.5454541359
58.7837 500499.9999993883
58.7855 556111.1111124072
58.7876 479523.8095241159
58.7898 455454.5454541359
58.792 456818.18181777105
58.7942 455000.0000010604
58.7964 454545.45454504585
58.7986 455909.090908681
58.8008 455909.090908681
58.803 455454.54545560695
58.8052 456363.63636322605
58.8074 455454.5454541359
58.8095 477142.85714316193
58.8117 455909.090908681
58.8139 455000.0000010604
58.8161 455454.5454541359
58.8183 455454.5454541359
58.8205 454999.99999959086
58.8227 456818.18181924644
58.8246 526842.1052634006
58.8268 454999.99999959086
58.829 454999.99999959086
58.8313 436521.73913077783
58.8335 456363.63636322605
58.8357 454545.45454504585
58.8379 456363.6363647
58.8401 455454.5454541359
58.8423 454999.99999959086
58.8445 455454.54545560695
58.8467 455454.5454541359
58.8488 476666.66666697117
58.851 455454.5454541359
58.8532 454999.99999959086
58.8554 455909.090908681
58.8576 455909.09091015346
58.8598 454545.45454504585
58.8617 526315.7894739266
58.8636 526315.7894739266
58.8656 500499.9999993883
58.8678 455454.5454541359
58.8695 588823.5294119065
58.8716 477142.85714316193
58.8739 434782.6086959939
58.877 323870.9677415768
58.8794 416666.66666763776
58.8817 435652.17391204
58.8842 400800.00000036455
58.8873 323548.38709641586
58.8898 400800.00000036455
58.8923 400400.00000036415
58.8949 384615.3846152299
58.8977 358214.2857142115
58.9004 372222.22222259996
58.903 384999.9999998451
58.9054 417083.33333307056
58.9081 371481.4814818585
58.911 344827.5862064329
58.9135 401200.0000003649
58.916 400000.0000003638
58.9189 345517.24137884576
58.9215 384999.9999998451
58.9239 418333.33333306975
58.9262 435217.39130468987
58.929 357857.14285706874
58.9313 435217.39130468987
58.934 372222.22222259996
58.9363 435217.3913033453
58.939 370740.7407411169
58.9416 385769.23076907557
58.9442 385384.61538446037
58.9465 436086.95652208186
58.9489 417083.33333307056
58.9517 357499.99999992596
58.9541 416666.66666763776
58.9566 400799.9999992254
58.9589 435652.1739133859
58.9615 385384.61538446037
58.9637 455454.5454541359
58.9657 500500.0000011665
58.9678 476666.66666697117
58.97 454545.45454504585
58.9722 455454.5454541359
58.9839 85726.4957265133
58.9929 111222.22222221801
59.0017 113863.63636362592
59.0045 357499.99999992596
59.0071 385769.23076907557
59.0095 417499.99999973696
59.0126 323548.3870971575
59.0156 333666.666666654
59.0185 345172.41379263933
59.0218 303333.3333337137
59.0247 344827.5862064329
59.0277 333666.666666654
59.0306 345172.41379348503
59.0335 345172.41379348503
59.0418 121084.337349317
59.0543 80080.00000002731
59.0668 80079.9999999818
59.07 312812.50000003446
59.0729 345172.41379348503
59.076 323548.38709641586
59.079 333666.666666654
59.0819 345517.24137969234
59.085 322580.6451609331
59.0882 313750.0000000346
59.0912 333999.99999998737
59.0943 323225.8064519958
59.0972 346206.89655125863
59.1083 90180.18018018831
59.1226 70000.00000000662
59.1303 130129.8701298732
59.1334 322903.225806094
59.1363 345517.24137969234
59.1392 345517.24137884576
59.1447 182181.81818188974
59.1465 557222.2222213213
59.1501 278055.5555556548
59.1565 156250.0000000172
59.163 154000.0000001064
59.1687 175789.47368407238
59.1751 156406.25000001723
59.18 204489.79591839915
59.1821 479047.61904792505
59.1841 501999.9999993865
59.1861 500999.9999993877
59.1883 455000.0000010604
59.1903 500999.9999993877
59.1923 499999.99999938894
59.1944 476666.66666697117
59.1965 476666.66666697117
59.1985 502499.99999938585
59.2005 501000.00000116765
59.2026 476666.66666697117
59.2047 477619.0476177367
59.2067 501000.00000116765
59.2087 499999.99999938894
59.2115 357499.99999992596
59.2188 137260.27397258862
59.2252 156562.50000001723
59.2309 175789.47368429153
59.2366 175438.5964910902
59.2424 172413.79310342766
59.2445 477142.85714316193
59.2465 501000.00000116765
59.2485 499999.99999938894
59.2506 476666.66666697117
59.2527 478095.2380955435
59.2547 500499.9999993883
59.2568 477142.85714316193
59.2589 476666.66666697117
59.2609 500499.9999993883
59.2629 500999.9999993877
59.265 477142.85714316193
59.2671 476666.66666697117
59.2691 499999.99999938894
59.2711 500500.0000011665
59.274 345172.41379263933
59.2805 153846.15384609197
59.2871 151818.18181820874
59.2936 154307.69230779892
59.3001 154153.84615378414
59.3052 196078.4313725962
59.3072 501999.9999993865
59.3093 476190.4761907804
59.3113 500499.9999993883
59.3134 477142.85714316193
59.3155 477142.85714316193
59.3175 500999.9999993877
59.3196 477619.0476193527
59.3216 500500.0000011665
59.3237 477619.0476177367
59.6295 3273.381294964052
59.6314 527894.7368423485
59.6332 556111.1111102119
59.635 557222.2222235209
59.6381 322903.225806094
59.6408 371851.8518522292
59.6441 303636.3636360906
59.6462 478571.4285717343
59.649 357142.8571427832
59.6507 588823.5294119065
59.6528 476190.4761907804
59.6552 417083.33333307056
59.6575 434782.6086959939
59.6597 455454.5454541359
59.662 436086.95652208186
59.6641 476666.66666697117
59.6665 417083.33333307056
59.6687 455454.5454541359
59.6709 455454.5454541359
59.6734 400400.00000036415
59.6757 436521.73913077783
59.678 435217.39130468987
59.6802 454999.99999959086
59.6823 476190.4761907804
59.6844 476190.4761907804
59.6867 435217.3913033453
59.6888 477142.85714316193
59.6912 416666.66666640417
59.6934 454545.4545465139
59.6954 500499.9999993883
59.6974 499999.99999938894
59.6996 455000.0000010604
59.7018 454999.99999959086
59.704 455909.090908681
59.7061 476666.66666697117
59.708 527894.7368423485
59.7101 477142.85714316193
59.7117 624999.999998681
59.7136 526315.7894739266
59.7155 527368.4210528745
59.7196 244390.2439023733
59.7215 527368.4210528745
59.7236 476666.66666697117
59.7254 556666.6666657666
59.7271 588823.5294119065
59.7289 556666.6666657666
59.7307 556111.1111124072
59.7322 667333.333333308
59.7337 666666.6666666414
59.7352 666666.6666666414
59.7376 417083.33333307056
59.7405 345862.0689658996
60.0398 3344.4704310056536
60.0421 435652.1739133859
60.0444 436086.95652073465
60.0467 435217.39130468987
60.049 435652.1739133859
60.0509 526315.7894739266
60.0532 436086.95652208186
60.0554 454545.45454504585
60.0577 435652.1739133859
60.0599 455454.5454541359
60.0619 500999.9999993877
60.0638 526842.1052634006
60.0658 499999.99999938894
60.0676 555555.5555568503
60.0697 476190.4761907804
60.0715 556111.1111102119
60.0732 589411.7647060242
60.0755 435652.1739133859
60.0784 346206.89655125863
60.0814 334333.3333333207
60.0842 357857.14285706874
60.0866 417500.000000973
60.0889 435652.17391204
60.0919 333999.99999998737
60.0948 344827.5862072778
60.0976 357857.14285706874
60.1005 345172.41379348503
60.1035 334333.3333333207
60.1064 345172.41379263933
60.1094 333666.666666654
60.1128 294705.8823530121
60.1157 345172.41379348503
60.1178 477619.0476177367
60.1221 232790.69767438414
60.125 344827.5862072778
60.1275 400000.0000003638
60.13 400399.99999922613
60.1325 401200.0000003649
60.135 400400.00000036415
60.1376 385769.23076907557
60.1406 334333.3333333207
60.1467 164590.1639343305
60.1575 92685.18518521826
60.1662 115057.47126430708
60.1747 118117.64705885197
60.1776 345172.41379348503
60.1807 323225.80645125493
60.1838 323225.8064519958
60.1868 333666.666666654
60.1897 345862.0689650522
60.1928 322580.64516167244
60.1957 345172.41379263933
60.1986 345517.24137969234
60.2018 313437.5000000345
60.2071 188679.24528307916
60.218 92018.34862379773
60.2254 135270.27027032577
60.232 151666.66666669358
60.238 166833.333333327
60.241 333999.99999998737
60.244 334333.3333333207
60.2467 370740.7407411169
60.2494 371481.4814808808
60.2522 358928.5714284971
60.2545 435217.39130468987
60.2569 417499.99999973696
60.2665 104166.66666667814
60.2746 123580.24691359725
60.2815 145507.2463767761
60.2887 139444.4444444942
60.909 1613.7352893761076
60.9204 87719.29824559977
60.9312 92685.18518521826
60.9378 152272.72727259036
60.9418 250500.00000013883
60.9448 333666.666666654
60.9512 156718.75000001726
60.9591 127088.60759494713
60.9656 153846.15384609197
60.9701 222444.44444443603
60.9713 835000.000001946
60.9725 834166.6666686108
60.9737 834166.6666636715
60.975 770769.2307689207
60.9762 836666.6666686166
60.9775 769230.7692304598
60.9787 833333.3333303411
60.9799 835833.3333352813
60.9811 833333.3333352755
60.9824 771538.4615381511
60.9853 345172.41379263933
60.9878 400800.00000036455
60.9901 436086.95652208186
60.9924 435652.17391204
60.9946 455000.0000010604
60.9972 385384.61538446037
60.9994 454999.99999959086
61.0016 454545.45454504585
61.0039 435217.39130468987
61.0063 417083.33333307056
61.0087 417916.6666676407
61.0105 556666.6666657666
61.0118 770769.2307689207
61.0129 911818.181817362
61.014 910909.0909082718
61.0151 910000.0000050599
61.0166 667333.333333308
61.0211 222222.2222222138
61.0269 172586.20689653108
61.0321 192692.30769223018
61.0379 172586.20689653108
61.0431 192307.69230761495
61.0481 200400.00000018228
61.0503 454999.99999959086
61.0526 436086.95652208186
61.0551 400799.9999992254
61.0574 435652.1739133859
61.0596 455454.5454541359
61.0619 435217.39130468987
61.0645 385384.61538446037
61.0667 454545.4545465139
61.069 435652.17391204
61.0713 435217.39130468987
61.0736 435217.39130468987
61.0761 400400.00000036415
61.0783 455454.5454541359
61.0807 416666.66666640417
61.0826 526842.1052634006
61.0847 476666.66666697117
61.0868 476666.66666697117
61.0891 435217.3913033453
61.0912 477142.85714316193
61.0932 501499.9999993871
61.0986 185925.9259261146
61.1095 92018.34862385772
61.1195 100299.99999994869
61.1238 233023.25581391898
61.1263 400400.00000036415
61.1291 357499.99999992596
61.1322 322903.2258068341
61.1352 333999.99999998737
61.1379 370740.7407401413
61.1411 313125.00000003446
61.1441 333999.99999998737
61.1472 322580.64516167244
61.1499 371851.8518512506
61.1526 370740.7407411169
61.1564 263157.8947369633
61.1588 417916.66666640335
61.1632 227499.99999979543
61.1671 256923.07692344167
61.1714 232790.69767438414
61.1751 270810.8108106619
61.1777 384615.3846152299
61.1802 400800.00000036455
61.1839 270810.8108106619
61.187 322903.2258068341
61.1894 417499.99999973696
61.1915 476666.66666697117
61.1936 476190.47618916916
61.1956 501500.0000011688
61.1977 476190.4761907804
61.2001 417499.99999973696
61.2025 417499.99999973696
61.2046 478095.2380955435
61.2069 435217.39130468987
61.2092 435652.17391204
61.2118 385000.0000008973
61.214 454999.99999959086
61.2163 435652.1739133859
61.2183 501999.9999993865
61.2207 417083.33333307056
61.2228 476190.4761907804
61.2251 434782.6086959939
61.2271 499999.99999938894
61.2293 454999.99999959086
61.2316 435652.1739133859
61.2333 589411.7647060242
61.2354 476190.4761907804
61.2378 416666.66666640417
61.24 454999.99999959086
61.2421 476190.4761907804
61.2441 501499.9999993871
61.2462 476666.66666697117
61.2485 435217.39130468987
61.2511 384615.3846152299
61.2531 500499.9999993883
61.2557 384615.38461628096
61.2579 454999.99999959086
61.26 477142.85714316193
61.2621 476666.66666697117
61.2647 384615.3846152299
61.267 436086.95652073465
61.2691 476190.4761907804
61.2712 477142.85714316193
61.2737 400000.0000003638
61.276 434782.6086946507
61.2781 476666.66666697117
61.2801 500500.0000011665
61.2825 418333.33333306975
61.2848 435217.39130468987
61.2871 434782.6086946507
61.2892 477142.85714316193
61.2916 417916.66666640335
61.2938 455000.0000010604
61.2959 477142.85714154755
61.2982 436086.95652208186
61.3007 400400.00000036415
61.3035 357857.14285706874
61.3058 435652.1739133859
61.3078 500499.9999993883
61.3089 909090.9090900917
61.31 909999.9999991817
61.311 1001000.000002333
61.3121 909090.9090900917
61.3132 911818.181817362
61.3143 909090.9090900917
61.3154 910909.0909141558
61.3164 1000999.9999952203
61.3175 909999.9999991817
61.3187 833333.3333352755
61.3198 909090.9090900917
61.3209 909090.9090900917
61.322 909999.9999991817
61.3231 910000.0000050599
61.3244 770769.2307689207
61.3255 909090.9090900917
61.3268 769230.7692304598
61.328 834166.6666636715
61.3293 769999.9999996902
61.3304 910909.0909141558
61.3317 770769.2307689207
61.3329 834999.9999970018
61.3341 833333.3333352755
61.3353 833333.3333352755
61.3366 770769.2307689207
61.3378 836666.6666636625
61.339 833333.3333352755
61.3402 834999.9999970018
61.3415 769999.9999996902
61.3427 834166.6666686108
61.3439 835000.000001946
61.3451 834999.9999970018
61.3463 835000.000001946
61.3476 770769.2307689207
61.3488 833333.3333352755
61.35 834166.6666636715
61.3512 834166.6666686108
61.3525 769230.7692304598
61.3537 834166.6666636715
61.3549 834166.6666686108
61.3561 835000.000001946
61.3574 770769.2307689207
61.3586 833333.3333303411
61.3598 834166.6666686108
61.361 835000.000001946
61.3623 770769.2307689207
61.3635 834166.6666636715
61.3647 833333.3333352755
61.3659 834166.6666636715
61.3672 769230.7692346642
61.3684 833333.3333303411
61.3696 834166.6666686108
61.3708 834166.6666636715
61.3721 770769.2307689207
61.3733 833333.3333352755
61.3745 834166.6666686108
61.3757 834166.6666636715
61.377 770769.2307689207
61.3782 835000.000001946
61.3794 835833.3333352813
61.3806 833333.3333303411
61.3819 769999.9999996902
61.3831 834166.6666686108
61.3843 833333.3333303411
61.3855 835000.000001946
61.3868 769230.7692304598
61.388 835833.3333352813
61.3892 834999.9999970018
61.3904 834166.6666686108
61.3917 770769.2307689207
61.3929 835833.3333352813
61.3941 833333.3333303411
61.3953 833333.3333352755
61.3966 769999.9999996902
61.398 714999.9999980375
61.3991 910000.0000050599
61.4004 769230.7692304598
61.4015 909999.9999991817
61.4027 834166.6666636715
61.404 770769.2307689207
61.4051 910000.0000050599
61.4064 769999.9999996902
61.4076 834166.6666636715
61.4088 835000.000001946
61.4101 769999.9999996902
61.4113 836666.6666686166
61.4125 834166.6666636715
61.4138 769999.9999996902
61.415 834166.6666686108
61.4162 834166.6666636715
61.4174 835000.000001946
61.4187 770769.2307689207
61.4199 835833.3333352813
61.4211 834166.6666636715
61.4224 769230.7692304598
61.4236 834166.6666686108
61.4248 833333.3333352755
61.426 834166.6666636715
61.4272 835000.000001946
61.4284 835833.3333303322
61.4296 834166.6666686108
61.4309 770769.2307689207
61.4321 834166.6666686108
61.4333 834999.9999970018
61.4345 833333.3333352755
61.4358 769230.7692304598
61.437 835000.000001946
61.4382 834166.6666636715
61.4395 769999.9999996902
61.4407 833333.3333352755
61.4419 834166.6666686108
61.4431 833333.3333303411
61.4444 769230.7692304598
61.4456 834166.6666686108
61.4468 833333.3333303411
61.448 834166.6666686108
61.4493 769999.9999996902
61.4505 833333.3333352755
61.4517 834999.9999970018
61.4529 833333.3333352755
61.4541 835833.3333352813
61.4554 769999.9999996902
61.4566 834166.6666636715
61.4578 834166.6666686108
61.459 834166.6666636715
61.4603 770000.0000038989
61.4616 770769.2307689207
61.4628 833333.3333303411
61.4639 911818.181817362
61.4651 834166.6666686108
61.4664 769230.7692304598
61.4676 833333.3333352755
61.4688 834166.6666636715
61.4701 770769.2307689207
61.4713 833333.3333352755
61.4726 771538.4615381511
61.4737 909090.9090900917
61.4749 837500.0000019518
61.4762 769230.7692304598
61.4774 834999.9999970018
61.4786 834166.6666686108
61.4799 769230.7692304598
61.4811 835000.000001946
61.4823 834166.6666636715
61.4835 834166.6666686108
61.4848 769230.7692304598
61.486 835000.000001946
61.4872 834999.9999970018
61.4884 834166.6666686108
61.4896 834166.6666636715
61.4909 770769.2307689207
61.4921 833333.3333352755
61.4933 833333.3333352755
61.4945 834999.9999970018
61.4958 769999.9999996902
61.497 833333.3333352755
61.4982 835000.000001946
61.4994 833333.3333303411
61.5007 770769.2307689207
61.5026 526842.1052634006
61.5045 526842.1052634006
61.5056 909090.9090900917
61.5068 834166.6666686108
61.508 833333.3333303411
61.5091 910909.0909141558
61.5103 834166.6666636715
61.5116 770769.2307689207
61.5128 834166.6666686108
61.5139 909999.9999991817
61.5151 835833.3333352813
61.5163 833333.3333303411
61.5174 909999.9999991817
61.5186 833333.3333352755
61.5198 835000.000001946
61.5209 910909.0909082718
61.5221 835833.3333303322
61.5232 911818.181817362
61.5244 835000.000001946
61.5256 834166.6666686108
61.5268 834166.6666636715
61.5279 909999.9999991817
61.5291 836666.6666686166
61.5303 834166.6666686108
61.5314 909999.9999991817
61.5326 833333.3333303411
61.5337 909090.9090900917
61.5349 835000.000001946
61.5361 835000.000001946
61.5373 833333.3333303411
61.5385 833333.3333352755
61.5397 834999.9999970018
61.541 770000.0000038989
61.5422 834999.9999970018
61.5434 836666.6666686166
61.5447 769999.9999996902
61.5459 835833.3333303322
61.5471 833333.3333352755
61.5483 833333.3333352755
61.5496 769999.9999996902
61.5508 836666.6666636625
61.552 834166.6666686108
61.5532 835000.000001946
61.5544 834166.6666636715
61.5556 835833.3333352813
61.5568 833333.3333303411
61.5581 769230.7692304598
61.5593 835833.3333352813
61.5605 834166.6666686108
61.5617 834999.9999970018
61.5629 833333.3333352755
61.5644 667999.9999999747
61.5656 833333.3333303411
61.5669 769230.7692346642
61.5681 833333.3333303411
61.5695 714285.7142873789
61.5715 499999.99999938894
61.5737 455454.5454541359
61.5759 454545.4545465139
61.5782 435652.17391204
61.5804 454545.4545465139
61.5826 454545.45454504585
61.5848 454999.99999959086
61.587 454999.99999959086
61.5893 435652.1739133859
61.5915 455454.5454541359
61.5937 454545.4545465139
61.5959 454999.99999959086
61.5982 434782.6086959939
61.6004 454545.45454504585
61.6025 476666.66666697117
61.6047 455454.5454541359
61.6068 476190.4761907804
61.6085 589411.7647060242
61.6106 476190.4761907804
61.612 714999.9999980375
61.6144 417499.99999973696
61.6174 333666.666666654
61.6203 344827.5862072778
61.6235 313125.00000003446
61.6265 333666.666666654
61.6296 322580.6451609331
61.6326 333666.6666674443
61.6356 333333.3333333207
61.6385 344827.5862064329
61.6417 312812.50000003446
61.6447 333666.666666654
61.6478 322580.64516167244
61.6506 357499.99999992596
61.6535 345172.41379263933
61.6565 333999.99999998737
61.6597 313125.00000003446
61.6626 344827.5862072778
61.6658 312500.0000000344
61.6685 370740.7407401413
61.6716 323548.3870971575
61.6747 322580.6451609331
61.6777 333333.3333333207
61.6807 333333.3333333207
61.6838 322580.64516167244
61.6868 333999.99999998737
61.6897 344827.5862064329
61.6927 333999.99999998737
61.6957 333333.3333333207
61.6987 333666.666666654
61.7018 322903.2258068341
61.7047 345172.41379263933
61.7079 312500.0000000344
61.7108 344827.5862072778
61.7137 345172.41379263933
61.7194 175438.5964913089
61.7211 589411.7647060242
61.7228 590000.000000142
61.7245 588823.5294119065
61.7299 185185.18518512943
61.7362 158730.15873026013
61.7426 156562.49999984342
61.7489 158888.8888889904
61.7542 188867.92452836226
61.7566 417083.33333307056
61.7585 527368.4210528745
61.7605 500499.9999993883
61.7622 588823.5294119065
61.7642 499999.99999938894
61.7661 526315.7894739266
61.768 527368.4210528745
61.7699 526842.1052634006
61.7717 555555.5555546572
61.7737 500000.0000011653
61.7755 555555.5555546572
61.7773 555555.5555568503
61.7791 555555.5555546572
61.781 526315.7894739266
61.7859 204081.63265309294
61.793 141126.7605633561
61.7986 178749.99999996298
61.8041 182363.63636370798
61.8091 199999.99999989767
61.814 204081.63265309294
61.8158 556111.1111102119
61.8177 526315.7894739266
61.8196 528421.0526318224
61.8216 500000.0000011653
61.8234 556111.1111102119
61.8255 477142.85714316193
61.8273 556111.1111102119
61.8292 526315.7894739266
61.8311 526315.7894739266
61.8331 500499.9999993883
61.8349 555555.5555568503
61.8368 527368.4210528745
61.8387 526842.1052614304
61.8406 526842.1052634006
61.8425 527368.4210528745
61.8446 476666.66666697117
61.8464 555555.5555546572
61.8483 527894.7368423485
61.8501 555555.5555568503
61.852 527368.4210528745
61.8539 526315.7894719584
61.8559 501500.0000011688
61.8577 555555.5555546572
61.8599 455454.5454541359
61.8618 526842.1052634006
61.8637 526842.1052634006
61.8667 333666.666666654
61.8746 126582.27848102304
61.8809 158888.8888889904
61.8865 178571.4285713916
61.8921 178749.99999996298
61.8964 232558.1395348493
61.8987 435652.1739133859
61.901 434782.6086946507
61.9032 455000.0000010604
61.9055 435217.3913033453
61.9078 434782.6086959939
61.91 455454.54545560695
61.912 499999.99999938894
61.9142 454545.45454504585
61.9165 435217.39130468987
61.9187 455909.090908681
61.9209 454545.45454504585
61.9231 454545.4545465139
61.9252 477619.0476193527
61.9274 454545.45454504585
61.9296 454999.99999959086
61.9319 434782.6086959939
61.9341 454999.99999959086
61.9363 454545.45454504585
61.9385 455000.0000010604
61.9408 434782.6086946507
61.9431 435217.39130468987
61.9453 454545.45454504585
61.9467 715000.0000016664
61.9497 333666.666666654
61.955 188679.24528307916
61.9579 344827.5862064329
61.9609 333666.666666654
61.9639 333333.3333333207
61.9669 333333.3333333207
61.9702 303333.3333337137
61.9731 344827.5862064329
61.9757 385384.61538446037
61.9776 526315.7894739266
61.9795 527368.4210528745
61.9814 526842.1052634006
61.9833 526842.1052634006
61.9852 526315.7894739266
61.9871 526315.7894739266
61.9891 499999.99999938894
61.991 526315.7894739266
61.9929 527368.4210528745
61.9947 556666.6666657666
61.9966 527368.4210528745
61.9986 500499.9999993883
62.0005 526842.1052634006
62.0024 526315.7894739266
62.0043 527368.4210528745
62.0061 555555.5555546572
62.0083 455909.09091015346
62.0101 555555.5555546572
62.0121 500000.0000011653
62.0139 555555.5555546572
62.0158 526315.7894739266
62.0177 526842.1052634006
62.0233 178749.99999996298
62.0296 158730.1587300811
62.0361 153846.15384626013
62.0424 159047.61904754126
62.048 178571.4285713916
62.0514 294117.64705889433
62.0533 526315.7894739266
62.0551 556111.1111102119
62.0571 502000.00000117
62.059 526842.1052634006
62.0608 556111.1111102119
62.0628 500499.9999993883
62.0646 555555.5555568503
62.0666 499999.99999938894
62.0685 526842.1052634006
62.0704 526315.7894739266
62.0723 526842.1052634006
62.0743 500499.9999993883
62.0761 556111.1111124072
62.0782 476190.47618916916
62.0801 526315.7894739266
62.0823 454545.4545465139
62.0845 455454.5454541359
62.0867 454999.99999959086
62.0886 526315.7894739266
62.0915 345172.41379263933
62.0979 156406.25000001723
62.1042 158888.8888889904
62.1071 345172.41379263933
62.11 345517.24137969234
62.1131 322580.6451609331
62.1162 322903.2258068341
62.1192 334333.3333333207
62.1215 434782.6086959939
62.1234 526315.7894739266
62.1253 526842.1052614304
62.1272 526315.7894739266
62.1291 526315.7894739266
62.131 527368.4210528745
62.133 500999.9999993877
62.1349 526842.1052634006
62.1367 555555.5555568503
62.1386 526315.7894739266
62.1406 499999.99999938894
62.1424 557777.7777768759
62.1443 526842.1052634006
62.1462 526315.7894739266
62.1483 477619.0476193527
62.1501 556666.6666657666
62.1542 244146.34146334897
62.1577 286000.00000037625
62.161 303636.3636360906
62.164 333666.666666654
62.1669 344827.5862072778
62.1698 344827.5862064329
62.1732 294117.64705889433
62.1761 344827.5862072778
62.179 344827.5862064329
62.182 333333.3333333207
62.1839 526315.7894739266
62.1859 500500.0000011665
62.1878 526315.7894719584
62.1894 625000.0000014566
62.1913 526315.7894739266
62.1932 526315.7894739266
62.1951 526315.7894739266
62.1969 556666.6666657666
62.1988 527368.4210528745
62.2006 556111.1111102119
62.2025 526315.7894739266
62.2044 526315.7894739266
62.2064 499999.99999938894
62.2083 526315.7894739266
62.2101 556666.6666679641
62.2121 499999.99999938894
62.214 526315.7894739266
62.2161 476190.4761907804
62.2186 399999.99999922694
62.2209 434782.6086959939
62.2232 434782.6086959939
62.2255 434782.6086959939
62.2271 624999.999998681
62.2282 909090.9090900917
62.2296 714285.7142873789
62.2473 56497.17514122719
62.2488 667999.9999999747
62.2507 526842.1052634006
62.2527 500000.0000011653
62.2545 557222.2222213213
62.2565 499999.99999938894
62.26 285714.2857146616
62.2656 178749.99999996298
62.2698 238095.2380953902
62.2728 333999.99999998737
62.2758 333333.3333333207
62.2789 322580.6451609331
62.2819 333333.3333333207
62.2849 334666.666666654
62.2881 312500.0000000344
62.2902 477142.85714316193
62.2921 526315.7894739266
62.2942 476666.66666697117
62.2965 435217.3913033453
62.2988 434782.6086959939
62.301 454545.45454504585
62.3031 476666.66666697117
62.3047 625000.0000014566
62.3066 526842.1052614304
62.3082 625625.0000014581
62.31 555555.5555546572
62.3116 625000.0000014566
62.3138 454999.99999959086
62.3155 588823.5294119065
62.3174 526842.1052634006
62.3193 526315.7894739266
62.3213 499999.99999938894
62.3233 500499.9999993883
62.3252 526842.1052634006
62.3269 588235.2941177887
62.3289 500500.0000011665
62.3307 556111.1111102119
62.3349 239047.61904777176
62.3419 142857.14285704077
62.3483 156406.25000001723
62.3547 156250.0000000172
62.3609 161290.32258065138
62.3644 285999.99999979563
62.3663 526315.7894739266
62.3682 526315.7894739266
62.3701 526842.1052634006
62.372 526315.7894739266
62.374 500499.9999993883
62.3759 526842.1052634006
62.3777 555555.5555568503
62.3796 526315.7894719584
62.3815 526842.1052634006
62.3835 500000.0000011653
62.3853 556666.6666657666
62.3872 526315.7894739266
62.389 556111.1111102119
62.3911 476190.4761907804
62.393 526315.7894739266
62.3948 555555.5555568503
62.3968 500999.9999993877
62.3987 526315.7894739266
62.4052 153846.15384609197
62.4114 161451.61290323202
62.4146 312812.50000003446
62.4175 344827.5862072778
62.4204 345172.41379263933
62.4236 312812.50000003446
62.4266 333666.666666654
62.4295 344827.5862072778
62.4313 556111.1111102119
62.4333 499999.99999938894
62.4352 527368.4210528745
62.437 555555.5555568503
62.4389 526315.7894739266
62.4407 555555.5555546572
62.4427 500499.9999993883
62.4447 500000.0000011653
62.4467 501499.9999993871
62.4485 555555.5555546572
62.4505 500500.0000011665
62.4525 499999.99999938894
62.4545 500499.9999993883
62.4565 500500.0000011665
62.4582 589411.7647060242
62.4599 588235.2941177887
62.4619 500499.9999993883
62.4638 526842.1052634006
62.4655 588235.2941177887
62.4675 499999.99999938894
62.4694 526315.7894739266
62.4713 526315.7894739266
62.4732 526315.7894739266
62.4751 526842.1052634006
62.477 526842.1052634006
62.4788 556666.6666657666
62.4845 175789.47368429153
62.4909 156249.99999984374
62.4965 178571.42857161816
62.5028 158888.8888888112
62.5092 156250.0000000172
62.5119 370370.3703707462
62.514 477142.85714154755
62.5155 668666.6666666414
62.5174 527368.4210528745
62.5194 500000.0000011653
62.5217 435217.3913033453
62.5235 555555.5555568503
62.5255 500499.9999993883
62.5275 500499.9999993883
62.5295 500500.0000011665
62.5313 555555.5555546572
62.533 588235.2941177887
62.535 500000.0000011653
62.5369 526315.7894719584
62.5389 501000.00000116765
62.5409 500499.9999993883
62.5435 384999.9999998451
62.5455 500000.0000011653
62.5472 589411.7647060242
62.5491 527368.4210509023
62.5509 556111.1111124072
62.5527 555555.5555546572
62.5548 476666.66666697117
62.5567 526842.1052634006
62.5586 526842.1052634006
62.5604 556111.1111102119
62.5623 526315.7894739266
62.5687 156250.0000000172
62.5744 175438.5964913089
62.5799 181999.99999983635
62.5855 178571.4285713916
62.5918 159047.61904772065
62.5953 286285.7142855097
62.5971 555555.5555568503
62.599 526842.1052634006
62.6008 555555.5555546572
62.6028 500499.9999993883
62.6047 526315.7894739266
62.6065 556111.1111124072
62.6084 526315.7894719584
62.6103 526315.7894739266
62.6121 555555.5555568503
62.614 526315.7894739266
62.6158 556111.1111102119
62.6178 500499.9999993883
62.6196 555555.5555568503
62.6215 526315.7894739266
62.6234 526315.7894739266
62.6252 555555.5555546572
62.6271 527368.4210528745
62.6293 454999.99999959086
62.6315 454999.99999959086
62.6373 172413.79310342766
62.6436 158730.15873026013
62.6493 175614.0350878002
62.6548 181818.18181801835
62.6612 156406.25000001723
62.664 357142.8571427832
62.6662 454999.99999959086
62.6685 434782.6086959939
62.6706 476190.4761907804
62.6729 435217.39130468987
62.675 476190.4761907804
62.6772 454999.99999959086
62.6794 454999.99999959086
62.6816 454999.99999959086
62.6838 454545.4545465139
62.686 454545.45454504585
62.6883 434782.6086959939
62.6905 454545.45454504585
62.6926 476666.66666697117
62.6947 476190.4761907804
62.697 434782.6086946507
62.6993 435217.39130468987
62.7015 454999.99999959086
62.7037 454545.4545465139
62.706 435217.3913033453
62.7082 455000.0000010604
62.7104 454545.45454504585
62.7126 454545.45454504585
62.7143 588235.2941177887
62.7171 357499.99999992596
62.7227 178928.57142853437
62.7258 322580.64516167244
62.729 312500.0000000344
62.732 333333.3333333207
62.735 333333.3333333207
62.7381 322903.225806094
62.7412 322580.64516167244
62.7436 416666.66666640417
62.7456 500499.9999993883
62.7479 434782.6086959939
62.7501 454545.45454504585
62.7524 434782.6086959939
62.7546 454545.45454504585
62.7562 625000.0000014566
62.7574 833333.3333352755
62.7592 556111.1111102119
62.7614 454545.45454504585
62.7637 434782.6086959939
62.766 434782.6086959939
62.7683 434782.6086946507
62.7705 455000.0000010604
62.7727 454545.45454504585
62.775 434782.6086959939
62.7772 454545.45454504585
62.7794 454999.99999959086
62.7816 454545.4545465139
62.7837 476190.47618916916
62.7858 476190.4761907804
62.7879 476190.4761907804
62.79 476190.4761907804
62.7921 476190.4761907804
62.7941 499999.99999938894
62.796 526315.7894739266
62.7982 454545.45454504585
62.8003 476190.4761907804
62.8025 455454.5454541359
62.8047 454545.4545465139
62.806 769999.9999996902
62.8085 399999.99999922694
62.815 153846.15384626013
62.8213 158730.1587300811
62.8275 161290.32258065138
62.8338 158730.15873026013
62.8376 263157.8947364713
62.8401 400000.0000003638
62.8425 417083.33333307056
62.8449 417083.33333307056
62.8474 400000.0000003638
62.8498 417083.33333307056
62.8522 416666.66666640417
62.8546 417083.3333343054
62.857 417083.33333307056
62.8595 400400.00000036415
62.8619 416666.66666640417
62.8642 434782.6086959939
62.8663 476190.47618916916
62.8674 909090.9090900917
62.8686 833333.3333352755
62.8697 910909.0909082718
62.8711 715000.0000016664
62.873 526315.7894739266
62.8749 526842.1052634006
62.8768 526842.1052614304
62.8787 526315.7894739266
62.8805 555555.5555568503
62.8824 526315.7894739266
62.8859 285714.28571408155
62.8923 156250.0000000172
62.8993 142857.14285718577
62.9056 158730.1587300811
62.9111 181818.18181825322
62.9153 238571.42857117736
62.9172 526315.7894739266
62.919 555555.5555568503
62.9209 526315.7894719584
62.9228 526842.1052634006
62.9246 555555.5555568503
62.9266 499999.99999938894
62.9284 555555.5555546572
62.9303 526315.7894739266
62.9324 476190.4761907804
62.9347 434782.6086959939
62.9369 454545.45454504585
62.9392 435217.39130468987
62.941 555555.5555546572
62.9439 345172.41379348503
62.9469 333333.3333333207
62.9502 303333.3333330606
62.953 357499.99999992596
62.956 333333.3333333207
62.9588 357500.0000008332
62.9622 294117.64705827966
62.9651 344827.5862072778
62.968 344827.5862064329
62.9709 344827.5862072778
62.9728 526842.1052634006
62.9747 526315.7894739266
62.9766 526315.7894739266
62.9785 526315.7894739266
62.9804 526315.7894719584
62.9822 556111.1111124072
62.9841 526315.7894739266
62.9859 555555.5555546572
62.9877 556666.6666679641
62.9896 526842.1052614304
62.9916 500000.0000011653
62.9934 556111.1111102119
62.9953 526315.7894739266
62.9971 555555.5555546572
62.999 526315.7894739266
63.0008 555555.5555568503
63.0029 476190.4761907804
63.0046 588235.2941153301
63.0065 526315.7894739266
63.0083 555555.5555568503
63.0103 499999.99999938894
63.0121 556111.1111124072
63.014 526315.7894719584
63.0158 555555.5555568503
63.0178 499999.99999938894
63.0196 555555.5555568503
63.0215 526315.7894719584
63.0233 556111.1111124072
63.0252 526842.1052634006
63.0271 526315.7894739266
63.0289 555555.5555546572
63.0308 526842.1052634006
63.0327 526315.7894739266
63.0345 555555.5555546572
63.0364 526315.7894739266
63.0381 588235.2941177887
63.0399 555555.5555546572
63.0417 555555.5555568503
63.0435 555555.5555546572
63.0469 294117.64705889433
63.0533 156250.0000000172
63.0588 181818.18181825322
63.0651 158888.8888888112
63.0714 158730.15873026013
63.0764 199999.99999989767
63.0782 555555.5555546572
63.0801 526315.7894739266
63.0819 555555.5555568503
63.0839 499999.99999938894
63.0858 526315.7894739266
63.0876 555555.5555546572
63.0895 526315.7894739266
63.0913 555555.5555568503
63.0933 499999.99999938894
63.0951 555555.5555546572
63.0969 555555.5555568503
63.0987 555555.5555546572
63.1006 526315.7894739266
63.1056 199999.99999989767
63.1104 208333.33333351047
63.1159 181999.99999983635
63.1224 153846.15384626013
63.1287 158730.1587300811
63.1336 204081.63265309294
63.1356 500500.0000011665
63.1374 555555.5555546572
63.1393 526315.7894739266
63.1412 526315.7894739266
63.143 555555.5555546572
63.145 499999.99999938894
63.1469 526315.7894739266
63.1487 555555.5555568503
63.1507 500499.9999993883
63.1526 526315.7894739266
63.1546 500499.9999993883
63.1564 555555.5555568503
63.1582 555555.5555546572
63.1602 499999.99999938894
63.1621 526315.7894739266
63.1662 243902.43902432465
63.1725 158730.15873026013
63.1761 277777.7777778769
63.1794 303030.30303003057
63.1822 357142.8571427832
63.1852 333333.3333333207
63.1883 322903.2258068341
63.1914 322580.6451609331
63.1942 357142.8571427832
63.1963 476190.4761907804
63.1981 555555.5555568503
63.2001 499999.99999938894
63.2018 588235.2941177887
63.2037 526315.7894739266
63.2055 555555.5555546572
63.2074 526315.7894739266
63.2093 526315.7894739266
63.2112 526315.7894739266
63.2131 526315.7894739266
63.2151 499999.99999938894
63.217 526315.7894739266
63.2187 588235.2941177887
63.2206 526315.7894739266
63.2226 499999.99999938894
63.2244 556111.1111102119
63.2299 181818.18181825322
63.2372 136986.30136984892
63.2435 158730.15873026013
63.2484 204081.63265309294
63.2546 161290.32258046654
63.2573 370370.3703707462
63.2592 526315.7894739266
63.2611 526315.7894739266
63.263 526315.7894739266
63.2648 555555.5555546572
63.2667 526315.7894739266
63.2687 499999.99999938894
63.2706 526315.7894739266
63.2725 526315.7894739266
63.2744 526315.7894739266
63.2764 499999.99999938894
63.2782 556111.1111124072
63.28 555555.5555546572
63.282 500000.0000011653
63.2839 526315.7894719584
63.2859 500000.0000011653
63.2877 555555.5555546572
63.2896 526315.7894739266
63.2915 526315.7894739266
63.2964 204081.63265309294
63.3029 153846.15384609197
63.3064 285714.2857146616
63.3093 344827.5862064329
63.3122 344827.5862072778
63.3151 344827.5862064329
63.3185 294117.64705889433
63.3214 344827.5862072778
63.3239 399999.99999922694
63.3258 526315.7894739266
63.3277 526315.7894739266
63.3295 555555.5555546572
63.3314 526315.7894739266
63.3332 555555.5555568503
63.3351 526315.7894739266
63.337 526315.7894719584
63.3388 555555.5555568503
63.3407 526315.7894739266
63.3426 526315.7894739266
63.3444 555555.5555546572
